1
51
51
1001
1
1651
751
301
401
1
251
601
51
901
551
1
1501
801
701
51
701
251
1151
101
51
51
251
601
251
1
2351
451
101
951
201
1
801
251
251
2101
701
251
801
151
1
301
1
501
1201
2101
601
151
2551
1
551
301
1101
101
4001
651
1
51
651
1
801
1251
1
1
1301
551
651
1
151
1
1001
2051
801
801
901
151
951
101
2951
351
351
501
1
251
1001
1
2851
351
651
651
2101
1
1
101
1601
801
151
951
51
501
1001
2301
1551
1201
401
51
201
151
751
201
201
551
1051
201
51
1
851
501
151
51
651
101
51
651
251
551
251
101
1
251
1301
51
351
101
101
1
851
1
101
101
1251
601
151
151
101
1151
1
701
151
1501
601
251
1851
301
201
651
551
351
1051
151
601
351
501
251
101
651
51
51
351
1
51
401
151
51
1651
401
151
351
1
451
551
251
251
351
2051
201
401
1
351
201
1
251
701
451
101
451
901
1851
351
1
1551
301
1051
301
651
1001
1101
101
1
1601
51
1551
501
1
1351
1
1
1251
1051
1
751
1651
851
1951
1
501
1901
901
1
101
1751
1801
1
351
1001
701
1351
2001
1
951
1
151
1
1
1951
1851
1451
2751
801
201
151
901
1
101
251
951
601
801
1
351
3351
451
751
1201
1
1
1
1151
1551
2051
1
51
1
101
1
851
1
301
901
551
51
2751
101
551
601
1351
1201
1101
1101
1201
151
1901
701
4001
651
1451
51
351
1001
501
401
1651
1
1
1
2001
51
2251
301
651
851
1201
1
801
1401
251
1551
1851
801
1751
301
1951
1
851
2301
301
1
1301
151
701
1651
2401
1301
701
1101
1
201
2051
851
851
1401
451
1851
1701
1001
201
1
701
351
1051
1751
3301
801
1
1
1251
51
1051
51
601
1801
2001
1851
3501
1101
301
1101
1
51
1001
1
401
301
1901
201
1001
201
2351
2401
2601
501
301
751
1
1
1301
1351
651
901
1001
1751
101
651
501
301
1
701
2201
151
1051
701
2901
1851
201
1
951
1
401
501
1501
951
151
1051
851
51
51
1301
651
501
1401
1
1051
1
801
1501
1
1201
1201
601
2251
401
1401
1651
2251
551
651
51
1
1
1251
1
651
851
1
1
101
1801
451
151
501
1
101
1
101
851
101
51
801
601
1851
351
251
801
101
1
851
451
1701
1
1001
451
1
101
301
201
2601
1051
1201
1151
801
101
51
1
1
51
51
601
901
1401
851
601
701
2151
51
901
151
1851
951
401
1751
3201
301
801
1451
201
2551
951
101
1101
2151
501
201
901
1151
1651
551
1351
1301
3401
1901
1851
1151
1851
801
951
251
1051
1901
1301
1
651
701
1951
901
4001
351
201
1151
1
2251
951
701
4001
1
951
2701
401
601
1601
751
1451
2501
651
1301
3801
2551
1501
1101
1
3251
1851
2951
1601
551
1201
1551
1351
1601
801
1
1151
851
301
251
901
1301
801
1001
801
1501
4001
401
1001
1051
1001
1601
1351
901
51
951
851
1701
1001
1351
801
1001
851
951
651
101
551
351
701
501
1151
351
801
201
3601
1
451
701
1
251
1351
901
1501
401
701
751
551
1
1951
951
4001
1151
1
101
951
201
2451
1
1
1
151
751
1151
1601
1401
351
201
1101
1
1751
351
1451
151
501
751
901
1001
251
601
151
1801
1201
251
651
501
1201
2151
1451
1051
901
2451
1301
751
1
1
1001
401
651
201
1501
1551
651
1151
951
1751
1301
351
51
401
801
1
1
101
651
151
1
1351
1451
351
801
951
1951
1
4001
1
3051
51
1
601
3601
1951
1101
1051
1851
1
3751
2001
3101
851
951
151
1401
1901
1101
2051
1051
1751
551
1
1
1
2301
1
2051
751
1151
1001
201
901
2301
1
1301
2201
1701
101
651
851
901
1351
1
1851
1
2801
1101
1
1501
1101
801
3451
1351
1401
1001
3501
1
2551
1401
1
1351
1001
1
651
151
1101
1
1751
2251
1751
251
951
301
3401
1551
1501
1
1051
601
1
701
301
1
1001
1201
2001
1
751
1
1401
1
851
251
1201
1051
151
701
901
1
51
501
101
1251
851
1
1
101
351
251
951
651
151
1
101
751
1051
1
1001
501
901
401
51
151
1
301
651
1
101
1
1
1
151
1
1
2601
251
1
1551
351
851
151
1
601
251
1
1
451
1
1251
201
1
1
1
901
51
1651
401
151
301
551
1
1
1
1
1001
551
1
201
551
1
751
751
251
751
1
901
851
1651
1
701
1151
251
51
1
1801
1
551
101
351
301
1
1751
501
1
551
201
1301
301
101
801
151
651
101
601
351
51
1
51
601
101
1
2001
101
101
301
551
651
951
801
1351
751
1151
1
201
551
1201
151
151
1
1
101
551
1
1151
651
351
151
51
101
151
551
101
251
501
351
451
1
451
601
751
1651
101
151
301
1
251
1051
51
501
251
301
351
151
201
101
651
501
1751
1
1
751
901
51
1
1351
201
1
1
501
201
151
551
151
1
151
101
1351
751
501
801
151
751
801
1
1
