400
600
200
1150
250
3400
750
400
300
250
400
750
500
1250
650
500
1750
1500
800
750
600
350
700
250
350
550
700
650
550
550
2600
600
350
1750
350
350
1000
200
400
2050
800
250
700
250
100
650
100
1150
1300
2250
1000
300
2950
150
600
750
1150
250
3300
650
700
300
1150
600
750
1300
400
250
2350
400
500
450
300
100
750
1650
950
1250
2100
250
2100
550
1850
950
400
400
150
400
850
450
2350
400
700
1300
1850
400
150
300
3000
900
400
1050
450
800
1850
2550
1200
1500
900
400
450
450
700
450
500
650
850
400
250
100
1400
400
500
400
750
200
350
450
650
950
450
450
250
300
1450
250
550
500
300
450
500
200
400
550
1050
850
650
200
250
1000
350
900
650
1300
800
550
1550
500
400
800
650
350
1450
550
1000
450
750
800
350
550
300
250
600
200
200
500
450
250
2050
700
450
700
400
650
700
300
450
300
2300
300
750
150
700
550
400
300
1000
500
1100
800
350
1850
250
1450
2150
850
750
450
950
1900
1250
450
600
1650
400
1550
750
550
1700
1150
1000
1050
700
200
1700
2050
1200
2050
600
700
2400
950
200
700
2800
2100
650
600
1350
700
2200
1900
500
1850
450
600
1200
300
2150
2400
1250
2550
1150
300
700
1300
900
550
400
1850
1150
950
900
500
3200
1400
900
1000
850
850
400
3000
2300
1700
300
750
600
700
50
850
700
900
850
650
300
2850
1250
700
1400
1900
1150
2100
1350
1850
800
1900
650
4000
1800
1800
800
600
900
550
950
1250
800
350
250
2200
500
2700
1000
700
1450
1200
850
2000
1350
1100
1700
1750
1300
2500
600
3000
700
1000
1650
600
400
2050
600
950
1850
1600
1950
600
650
50
750
1900
350
650
1000
1100
2650
2000
1800
1600
400
1000
1150
1750
1950
2150
1150
950
950
1750
550
1850
800
750
1550
1900
2050
2850
1300
900
1950
950
400
1300
1300
500
650
2300
250
1400
700
2350
1250
2500
750
900
700
450
750
1400
1650
1400
1250
1300
3500
300
1200
650
300
800
600
2100
700
950
500
4000
3450
1200
1100
750
600
200
900
1250
1150
550
1150
1300
800
1000
950
1050
550
1750
750
1100
1100
1100
1900
350
1000
1200
700
3650
650
2350
2000
2800
700
600
2050
1450
950
900
550
750
800
300
900
850
1300
1300
550
700
600
550
650
1350
1200
300
350
1100
1000
2400
550
450
950
1200
400
1750
1150
2500
1150
800
1450
400
600
700
200
3750
1650
1200
1400
950
450
500
650
500
700
550
950
950
1150
1200
1250
1250
3150
700
1000
300
1850
1000
700
2500
3100
450
1800
3650
600
2650
1050
850
1600
1550
2050
300
900
700
2500
650
850
1050
4000
1750
1600
1500
3100
1450
1750
750
1250
2750
1400
1250
650
1200
1750
900
4000
700
550
2500
1950
2350
1450
650
4000
550
850
2900
800
700
1900
600
2200
2350
1050
1750
3650
2550
950
1000
900
3750
3900
2500
1550
1450
1300
1550
1650
1450
1450
650
2000
900
550
1150
1400
2200
850
900
1300
1200
3850
1050
1550
1250
1700
1850
2900
850
250
1300
800
2850
1400
1400
850
1750
750
1450
1600
300
1300
1800
1100
550
2350
350
1400
1450
4000
1450
850
1350
900
500
2000
1550
2250
550
900
600
1050
250
2150
950
3300
1500
1000
1050
850
950
3300
1500
400
550
300
800
1350
1350
1850
450
1600
1350
1500
2100
500
1500
800
500
1000
1900
750
500
2150
900
3650
2000
500
3150
1300
1000
1850
1850
1250
800
2650
1600
1550
500
200
1650
700
1600
650
2050
2700
1350
1450
1400
3350
950
650
1050
850
1000
1000
950
1100
750
800
2300
2450
950
700
750
1500
1250
250
4000
1250
3800
500
400
550
4000
2500
650
600
2400
550
4000
2450
4000
800
1850
350
2350
3200
1200
2550
750
1450
700
1250
900
250
3150
750
2700
1100
1050
1100
1000
1600
2000
150
2050
3500
3750
550
800
1050
800
1700
750
2800
200
3600
1150
950
1100
1500
1000
3200
1950
2150
3000
2650
900
3450
2150
500
1650
700
450
650
450
1600
450
1950
2450
1800
700
1900
450
3700
2450
1700
500
1000
450
250
1350
1050
50
2300
1150
2850
300
1900
400
2200
600
850
300
1800
1250
700
850
850
150
250
600
500
1250
650
350
250
350
400
250
900
900
700
300
400
700
2000
450
650
950
2300
350
300
250
500
250
650
250
500
550
450
350
250
650
750
2250
550
250
1850
600
1300
500
150
750
250
300
450
550
450
950
450
250
250
650
2300
250
2900
350
550
400
500
450
350
350
300
900
1050
150
450
800
750
1250
950
900
950
350
950
650
1350
600
1150
1450
600
200
200
2150
400
850
350
300
450
250
1950
700
550
550
500
1150
600
550
1150
300
600
400
350
850
150
450
700
1300
800
400
1150
450
300
300
550
850
600
1050
1000
900
850
250
250
750
1900
300
250
150
100
450
600
350
1100
950
1100
550
500
400
600
450
450
400
700
400
400
300
350
1050
1100
1700
450
500
550
450
250
800
500
600
450
350
400
950
850
350
750
900
1200
400
350
900
550
500
200
900
450
100
350
300
350
250
650
550
350
350
250
2000
550
650
1250
500
800
700
650
450
