1
1
1
501
1
3151
1
1
1
1
1
1
1
704
152
1
1201
1
453
1
254
1
903
1
1
304
1
1
152
1
2752
1
1
1
1
1
1
1
101
1451
1
1
1
1
1
1
1
1754
1
751
1
1
2602
1
1
1
1
1
3702
1
1
1
1
1
1052
3
1
1
1253
102
1
1
1
1
1
1201
51
1
1703
1
1051
1
2102
1
1
1
1
1
1
2
2853
253
254
1153
753
1
1
1
1453
804
1
2
1
854
201
1952
1353
1604
654
1
1
1
1
254
1
2
1553
1
1
1
1152
1
1
1
1
1
1
1
802
901
153
1
1
1
1101
1
302
1
1
1
1
1
1
1
1103
602
1
1
1
1552
2
751
2
751
551
452
1601
1
1
553
601
1
754
1
551
103
553
1
1
752
151
1
1
1
1
1
1
1
1051
503
1
1
1
1
1
1
101
1
1003
1
1
1
2
1
1
1
201
1
803
851
1
1352
1
1
1052
1
701
1
1
1
1
1
1
1
1
2
1
1
1
1
1
1
1
1
101
1
1
1
2
1
852
1053
1
1
1
1401
1
1
101
1
2853
1
1
1201
1
1
1
1
1
1
1
1
1
53
2
1
703
1
1
1
1
1
1
1
2953
1
1
151
1
1
1
1102
1
2953
1
1
1
1
1
2
1
1
1
1
1
3053
1
152
1
1
1
1
1
1
1
2053
601
4002
1
1
1
1
1
504
2
1403
1
1
1
1151
1
1602
653
152
1
1
1
801
1502
801
1001
1
1
1202
1
2253
1
1
852
1
1
1903
1
1
1653
3504
1904
1
852
1
1
1501
51
1
1403
103
1803
1
1154
1
1
203
1
2
1404
3054
1
1
1
102
1
1354
1
552
2553
51
1851
2203
101
803
1
1
1
3
1
451
1
1151
1
4
753
2451
1851
3153
1
1
704
1
1
1
2054
1
852
1
3753
1
1
853
1
1
301
2103
1
952
1
3653
2754
1
1552
1
1
452
1103
951
2
1
752
1253
301
1
1204
1
1
1752
1
1
1
1303
1101
1
51
1253
1
2704
1
802
1301
2604
802
1
54
1
703
1
2
1102
1003
1
1
653
1201
1
501
852
1
1
1
1
52
1
1
803
1
1402
1
553
1
951
1
1252
902
2203
2
1
1
1
2
1
1
3303
1
702
102
1
1
1
151
1
1
1
752
951
1
853
1
1
2302
1
1702
1
1953
1
1
2703
2201
1
1
2903
1
1401
601
1
1551
2002
51
302
201
1052
1351
1
1
902
1751
1402
1602
1404
2253
1
1
1
1053
1351
1
1
1
701
1303
602
4002
1
453
4
1703
1353
1
1
3601
1
653
2854
1
1
851
953
1152
3052
1
1053
3052
2002
102
803
1
2652
652
2652
1103
1303
1
2
1352
1853
1
1
1
902
1
1
1252
1303
1352
852
51
1351
4003
1
3
951
1
1002
1
1
1
1152
1
1001
2
1052
1
901
1
1
1
1
1
1
1
1
1
1
1
1
4002
1
652
1
1
1
1
1802
1
202
51
451
1
1
1203
1454
3103
1
1
1
701
1
2752
1
1
1
1
953
752
1
1
604
1
1453
1
902
751
1654
1
1151
1
1
1
1
1
1
2602
1
1
1
1
1
1701
1853
1
1
1652
1553
1
1
1
1
1
1
1
601
1
1
1
1303
1
1
1
1
1
1
1
1
1
1
1
1
1352
1
1
1
1552
1
1
4002
1
3653
1
1
1
4003
1501
1
1
1
1
2751
1
2651
1
1
1
1101
1
1504
1501
1
1304
1
1
1
1
1
1
1
1
1202
1
1
951
2253
1
1
1
2454
1
1
1
1
1
1
1
1
2702
1
1
1301
702
1053
2852
1301
1
1
3454
1
2051
1501
1
1
2
1
1
1
1
1
1251
3002
1
1
1
1
2852
1102
751
1
953
1
1
1
1
1
551
1
2
1
1
1
1803
1
1
1
1151
1
1
1
1
1
1
1
151
501
1
1
1
1
1
1
1
1
3
1
1
1
2053
1
604
1
551
1
1
1
1
1
1
1
1
1
1
1
1
1
1
2553
1
1
1103
551
1
2
1
1
1
1
1
1
1
1001
1
1
1
1
1
1
2203
1
1
1
1
1
1
1
1
652
1
1
1
1
1
1
3
1
1
1
1
1
1702
1
1
53
1
1
1
1
1
1
1
1
1
1
1753
1
1
1
1
1
1
1
1
1
703
1
1
1
1
304
1
1053
51
1
901
1
1
1
1
1
1253
954
1
702
1
1
1
704
951
1
1
1
1
1
1
1
1103
1
1
1
1
1
1
1
1
1
1352
1
1
1
1
1
1
2103
1
1
1
1
1
1
1
1152
1
1
1
1
1
1
1
451
1
1
1
1
702
1
1
1
1
1
1
653
1
1
302
1
1
1
1
1
1
1
1
1
1252
1
1
1
