1
1
1
801
1
2301
1
1
1
1
1
1
1
851
51
1
901
1
51
1
101
1
801
1
1
51
1
1
301
1
1501
1
1
1
1
1
1
1
51
1601
1
1
1
1
1
1
1
301
1
1001
1
1
3951
1
1
1
1
1
4001
1
1
1
1
1
101
1051
1
1
851
151
1
1
1
1
1
1551
51
1
1051
1
1201
1
1151
1
1
1
1
1
1
51
1201
301
201
1251
451
1
1
1
1351
501
1
751
1
301
101
1701
801
1901
501
1
1
1
1
151
1
701
651
1
1
1
751
1
1
1
1
1
1
1
101
701
251
1
1
1
901
1
251
1
1
1
1
1
1
1
801
501
1
1
1
751
151
751
51
1051
651
301
1201
1
1
751
551
1
801
1
251
201
101
1
1
51
51
1
1
1
1
1
1
1
1501
51
1
1
1
1
1
1
101
1
1401
1
1
1
151
1
1
1
401
1
751
1051
1
1001
1
1
1101
1
551
1
1
1
1
1
1
1
1
1251
1
1
1
1
1
1
1
1
51
1
1
1
101
1
801
751
1
1
1
1801
1
1
851
1
951
1
1
851
1
1
1
1
1
1
1
1
1
51
101
1
551
1
1
1
1
1
1
1
1451
1
1
101
1
1
1
751
1
1401
1
1
1
1
1
151
1
1
1
1
1
3801
1
101
1
1
1
1
1
1
1
1001
151
4001
1
1
1
1
1
751
51
851
1
1
1
851
1
1401
851
201
1
1
1
1251
1351
651
1651
1
1
1301
1
1551
1
1
51
1
1
1351
1
1
951
1001
951
1
601
1
1
1501
51
1
1351
51
1401
1
301
1
1
651
1
1051
101
901
1
1
1
1201
1
1201
1
401
1401
1301
1601
1501
51
51
1
1
1
101
1
451
1
901
1
151
101
2401
1651
1601
1
1
451
1
1
1
301
1
551
1
2551
1
1
551
1
1
1
1101
1
751
1
2401
1851
1
1051
1
1
101
701
1051
751
1
501
101
301
1
51
1
1
51
1
1
1
1151
851
1
51
101
1
1651
1
1451
1701
2901
601
1
51
1
751
1
51
601
1
1
1
851
1251
1
751
301
1
1
1
1
51
1
1
801
1
1151
1
251
201
601
1
51
151
1601
101
1
1
1
51
1
1
2651
1
151
1251
1
1
1
151
1
1
1
501
1101
1
1501
1
1
2751
1
251
1
1351
1
1
2251
1501
1
1
2201
1
601
1101
1
901
1251
51
51
251
201
1001
1
1
901
1701
1001
1351
801
1451
1
1
1
1101
951
1
1
1
301
901
751
2251
1
151
1501
751
751
1
1
2951
1
851
1801
1
1
1351
751
851
1351
1
1151
3501
2301
1201
51
1
2451
1851
2151
901
151
1
551
1401
1401
1
1
1
551
1
1
601
1001
801
651
51
951
3701
1
501
1001
1
951
1
1
1
1251
1
801
951
1501
1
601
1
1
1
1
1
1
1
1
1
1
1
1
3351
1
951
1
1
1
1
1151
1
351
101
751
1
1
2151
801
3901
1
1
1
501
1
1901
1
1
1
1
801
751
1
1
701
1
1001
1
1001
751
1151
1
651
1
1
1
1
1
1
1301
1
1
1
1
1
1451
1751
1
1
1401
1651
1
1
1
1
1
1
1
801
1
1
1
51
1
1
1
1
1
1
1
1
1
1
1
1
1901
1
1
1
1101
1
1
2901
1
2551
1
1
1
3101
1501
1
1
1
1
2601
1
1351
1
1
1
1151
1
1051
951
1
751
1
1
1
1
1
1
1
1
101
1
1
651
951
1
1
1
1301
1
1
1
1
1
1
1
1
2901
1
1
1251
1101
151
3451
1001
1
1
601
1
1801
1401
1
1
551
1
1
1
1
1
1251
1401
1
1
1
1
2751
1251
1051
1
851
1
1
1
1
1
1001
1
51
1
1
1
1451
1
1
1
801
1
1
1
1
1
1
1
101
151
1
1
1
1
1
1
1
1
151
1
1
1
1801
1
401
1
201
1
1
1
1
1
1
1
1
1
1
1
1
1
1
1151
1
1
1051
51
1
101
1
1
1
1
1
1
1
1001
1
1
1
1
1
1
1401
1
1
1
1
1
1
1
1
501
1
1
1
1
1
1
601
1
1
1
1
1
701
1
1
401
1
1
1
1
1
1
1
1
1
1
901
1
1
1
1
1
1
1
1
1
351
1
1
1
1
51
1
2301
51
1
1201
1
1
1
1
1
1201
851
1
51
1
1
1
651
501
1
1
1
1
1
1
1
801
1
1
1
1
1
1
1
1
1
801
1
1
1
1
1
1
1851
1
1
1
1
1
1
1
301
1
1
1
1
1
1
1
751
1
1
1
1
601
1
1
51
1
1
1
101
1
1
51
1
1
1
1
1
1
1
1
1
851
1
1
1
