1
4000
138
1
1
4000
1
166
644
4000
4000
174
4000
1
4000
4000
1
1
4000
222
272
156
1
4000
1
386
78
4000
4000
86
1958
272
1
1
4000
4000
1
1
4000
4000
254
170
1
1
276
4000
1
1
4000
4000
4000
1
4000
1
4000
1
1
264
1
1
1
366
1
4000
4000
134
4000
918
4000
1
682
1
1
1
1
178
4000
4000
4000
100
674
4000
1
4000
4000
4000
1
4000
1
4000
1
4000
4000
4000
4000
1
1
250
4000
4000
4000
112
1
1
4000
2284
4000
1
1
4000
1
1
1
4000
4000
1242
1
4000
1
1
1772
2654
4000
262
4000
1
1
1
248
4000
1
4000
700
160
4000
1
4000
4000
4000
1
4000
4000
1
4000
4000
4000
2008
4000
4000
2792
1
4000
4000
4000
1
4000
4000
4000
1
1
520
1
4000
312
1
4000
4000
4000
4000
4000
224
4000
4000
1
4000
510
1
4000
2152
4000
4000
1
1462
1
500
1
942
1134
2366
4000
4000
4000
4000
4000
4000
1
1
4000
1
1
1
1
1238
4000
4000
138
1
1
1
1
172
122
4000
1
1
82
112
4000
820
434
1
1
708
1
1
1
1
1
1
4000
1
114
1
108
1
1
1
368
4000
4000
1
1
1
1
1
1618
4000
1634
98
534
1
890
1
1
1
304
96
1
1
1
1
4000
1
1
202
1
1
4000
1
1386
4000
1
1
4000
4000
446
1
160
1866
72
1
2704
1
1
1584
1
1
1
360
1
4000
4000
4000
1
1
1
1
1
406
272
334
3498
2412
380
1
1
1
1
4000
4000
126
220
1
1
1
200
1
36
1
2104
1
2964
1
1
1
4000
484
386
318
1
4000
1
1
1
1
102
32
1
272
1
1
1
1
4000
1
452
272
266
4000
10
4000
1
134
836
4000
1
62
142
38
1
40
36
160
4000
1
990
564
1
1
408
242
1144
1
1
1
1
4000
1
4000
74
322
890
1
1
158
1
4000
124
392
60
3044
1
1768
1
140
1
1
162
1
314
1
1
290
1
1
700
1
1
178
488
1
694
262
298
1
296
714
1
1
1
440
1
4000
1
214
1
1
266
336
1
4000
1
182
1
1
826
1
64
1
1
1
4000
4000
378
1
1
1
1
1
1
300
1
1
1
1
1
74
4000
190
94
1
1
1
958
1202
1
1
1
258
1
1
282
1
1
1
1
1
1
1
1
1
220
656
1
1
1
1
1
128
1
242
2286
1
4000
1
38
1
1
1
1
4000
442
4000
342
56
1
1
1
440
1
888
1
68
1
4000
1
694
4000
1
40
4000
4000
4000
1
1
1
1406
1
4000
4000
4000
2506
4000
306
4000
408
1
1
4000
1
1
1
1
1
1
4000
1
1
1
1
1
128
4000
1
1
284
354
1
1
542
1
1206
4000
4000
1
4000
4000
1
1702
4000
1
1
1
1
1
380
216
1
4000
4000
1
1
1
320
194
1
4000
1
566
1
500
1
708
1
68
4000
4000
78
1
1
258
1
4000
1
1
1
1
1
112
4000
4000
4000
1
4000
1
1
4000
726
1
1
1
1
454
488
4000
1
1
782
1
4000
2028
706
4000
1
1
4000
1
1
224
1
1
4000
4000
1
1
1
490
1
330
4000
496
4000
4000
1
4000
144
4000
1
4000
1
1
4000
264
4000
248
1
1
270
4000
4000
1
148
234
1
4000
4000
1
958
1552
4000
1
1
1
204
1
4000
1
4000
4000
4000
4000
4000
1
86
66
282
1
116
4000
270
114
4000
166
4000
1
1
1
596
1
4000
2762
4000
4000
1
4000
4000
826
1
4000
194
4000
1
1
4000
4000
4000
4000
4000
4000
4000
4000
230
430
4000
4000
1
4000
1
1
732
4000
1
1
4000
1
356
4000
4000
4000
1
1
1564
4000
1
4000
1
4000
4000
4000
978
4000
4000
4000
1
4000
1
4000
4000
1822
4000
4000
1
1
4000
708
4000
4000
4000
488
4000
4000
1
4000
1
1
4000
1
4000
292
4000
1614
4000
1
444
4000
118
4000
1
4000
4000
1
670
438
454
4000
548
4000
4000
4000
1174
1
4000
4000
1
1
4000
750
4000
1
1
4000
4000
4000
1
4000
1
4000
4000
1
1
1654
354
188
1
1
1
4000
1
1
4000
4000
1
1
1
1524
1
1134
4000
1
4000
4000
4000
1
4000
1216
1
4000
138
4000
1
4000
4000
1
4000
4000
4000
4000
1
1
418
524
1
224
1
1
1
4000
250
3606
4000
1
1
1
1
3608
760
1
468
4000
4000
436
4000
766
4000
2058
1
1
4000
724
4000
1
78
974
728
1
312
4000
4000
4000
4000
4000
4000
180
276
310
1
364
1
1
1
4000
3440
352
1596
4000
1
450
4000
596
1
276
4000
4000
1120
4000
672
930
4000
4000
1174
1
462
4000
386
1
4000
4000
496
4000
4000
4000
4000
1
674
4000
846
4000
962
1
1
4000
1
1
1
1
4000
4000
4000
4000
1
4000
712
4000
4000
1
286
4000
1
60
4000
1
1
4000
4000
4000
4000
1088
1
4000
4000
970
4000
1
4000
4000
4000
458
1
4000
1
