219
3999
343
37
229
3999
5
497
773
3999
3999
231
3999
111
3999
3999
221
49
3999
411
371
283
113
3999
53
663
127
3999
3999
219
3999
289
53
119
3999
3999
395
311
3999
3999
375
277
17
219
573
3999
79
241
3999
3999
3999
9
3999
263
3999
297
19
461
49
15
87
3999
131
3999
3999
271
3999
2727
3999
51
1575
37
387
95
19
1041
3999
3999
3999
141
945
3999
87
3999
3999
3999
39
3999
45
3999
121
3999
3999
3999
3999
93
201
323
3999
3999
3999
341
329
9
3999
3999
3999
3749
107
3999
111
25
127
3999
3999
1545
189
3999
413
57
3999
3999
3999
549
3999
153
23
141
2863
3999
9
3999
1221
359
3999
19
3999
3999
3999
781
3999
3999
61
3999
3999
3999
743
3999
3999
3999
143
3999
3999
3999
115
3999
3999
3999
65
139
801
69
3999
727
21
3999
3999
3999
3999
3999
407
3999
3999
593
3999
1305
15
3999
3999
3999
3999
57
3999
1825
1183
101
3999
949
3999
3999
3999
3999
3999
3999
3999
123
111
3999
3999
117
459
45
2997
3999
3999
273
79
105
99
29
271
355
3999
139
9
165
123
3999
3351
199
11
117
1353
81
271
11
5
207
43
3999
381
155
199
153
127
15
25
213
3999
3999
83
143
75
39
303
3999
3999
3999
95
2251
3
2525
11
33
29
507
193
67
137
515
135
3999
103
33
253
245
41
3999
101
1395
3999
67
51
3999
3999
1275
37
369
3329
201
295
3999
155
17
1969
21
33
77
307
51
3999
3999
3999
45
7
509
97
61
1321
313
221
3999
3999
465
1
123
169
13
3999
3999
165
143
39
97
33
167
81
69
271
3201
15
2883
47
63
389
3999
3999
559
431
49
3999
17
31
31
43
247
103
31
213
13
23
27
23
3999
45
319
419
309
3999
17
3999
9
111
533
3999
21
49
201
51
1
171
41
99
3999
83
1061
2601
61
1
805
419
3999
23
183
53
35
3999
1
3999
117
707
865
95
129
975
83
3999
419
1737
145
3999
31
2545
75
55
49
1
93
9
483
1043
359
291
21
19
1929
77
249
793
3817
233
1187
745
799
217
505
343
251
27
7
621
123
3999
13
245
99
47
613
305
39
3999
963
361
111
129
565
79
57
465
79
49
3999
3999
2185
145
13
551
63
35
81
271
89
417
15
245
359
83
253
115
185
17
41
113
3999
1703
607
107
13
339
117
13
667
37
69
55
225
307
101
73
53
49
341
1013
25
53
265
39
35
159
87
153
3999
123
3999
25
67
63
115
417
207
3999
1107
3999
375
85
33
7
1521
347
49
3999
139
61
249
3999
167
695
3999
25
71
3999
3999
3999
67
41
71
3999
67
3999
3999
3999
1663
3999
387
3999
749
181
63
3999
37
29
531
207
91
63
3999
13
213
83
479
105
327
3999
227
43
1189
233
95
335
559
11
3999
3999
3999
77
3999
3999
59
687
3999
77
179
121
227
203
411
341
129
3999
3999
25
71
25
1369
525
161
3999
169
819
305
689
33
1179
51
83
3999
3999
163
99
77
399
11
3999
151
13
137
199
61
345
3999
3999
3999
147
3999
95
113
3999
797
351
149
43
219
2705
727
3999
141
301
691
89
3999
3999
969
3999
101
109
3999
153
439
3521
27
31
3999
3999
79
181
391
1573
43
3999
3999
2061
3999
3999
523
3999
307
3999
199
3999
187
163
3999
671
3999
1449
1015
183
243
3999
3999
107
283
327
27
3999
3999
9
3999
1141
3999
29
67
115
167
15
3999
129
3999
3999
3999
3999
3999
159
173
139
417
93
195
3999
995
293
3999
521
3999
43
85
71
1727
39
3999
3999
3999
3999
25
3999
3999
3999
29
3999
487
3999
107
561
3999
3999
3999
3999
3999
3999
3999
3999
3999
353
3999
3999
151
3999
3999
239
2955
3999
23
279
3999
19
1131
3999
3999
3999
173
13
3999
3999
359
3999
219
3999
3999
3999
3759
3999
3999
3999
127
3999
77
3999
3737
1591
3999
3999
101
93
3999
1997
3999
3999
3999
977
3999
3999
547
3999
11
55
3999
221
3999
319
3999
3999
3999
233
2805
3999
397
3999
17
3999
3999
1895
1365
931
3999
3999
737
3999
3999
3999
3999
5
3999
3999
43
65
3999
3999
3999
251
181
3999
3999
3999
65
3999
233
3999
3999
69
65
2799
1009
1485
113
149
477
3999
17
493
3999
3999
101
131
81
707
1319
3999
3999
307
3999
3999
3999
7
3999
1649
145
3999
243
3999
133
3999
3999
275
3999
3999
3999
3999
3999
1107
519
559
169
719
433
445
213
3999
863
3999
3999
1449
707
1011
101
3999
1353
155
599
3999
3999
907
3999
1409
3999
2623
175
239
3999
257
3999
267
97
3999
433
1
3999
3999
3999
3999
3999
3999
3999
431
593
1083
37
723
197
233
149
3999
3999
863
3433
3999
119
2825
3999
545
91
1061
3999
3999
3999
3999
1977
1047
3999
3999
1281
87
461
3999
583
3773
3999
3999
2611
3999
3999
3999
3999
21
1807
3999
949
3999
997
83
77
3999
57
155
83
111
3999
3999
3999
3999
341
3999
1327
3999
3999
87
3999
3999
401
161
3999
301
129
3999
3999
3999
3999
3999
189
3999
3999
1231
3999
67
3999
3999
2139
473
189
3999
9
