1
1
1
1499
1
2453
1
1
1
1
1
1
1
1981
52
1
228
1
171
1
143
1
1008
1
1
109
1
1
515
1
590
1
1
1
1
1
1
1
223
640
1
1
1
1
1
1
1
1820
1
2090
1
1
1326
1
1
1
1
1
4001
1
1
1
1
1
116
192
1
1
730
63
1
1
1
1
1
3355
12
1
510
1
109
1
759
1
1
1
1
1
1
2
546
379
136
415
491
1
1
1
511
651
1
634
1
206
490
4001
2835
1122
383
1
1
1
1
121
1
356
1116
1
1
1
735
1
1
1
1
1
1
1
142
1251
165
1
1
1
820
1
229
1
1
1
1
1
1
1
2314
307
1
1
1
388
2
893
18
354
984
1179
1277
1
1
2958
438
1
213
1
343
403
134
1
1
836
2
1
1
1
1
1
1
1
2770
415
1
1
1
1
1
1
3
1
4002
1
1
1
86
1
1
1
222
1
2
1617
1
1261
1
1
4002
1
144
1
1
1
1
1
1
1
1
1801
1
1
1
1
1
1
1
1
2607
1
1
1
2
1
679
748
1
1
1
1000
1
1
216
1
1367
1
1
339
1
1
1
1
1
1
1
1
1
397
74
1
355
1
1
1
1
1
1
1
3296
1
1
414
1
1
1
1296
1
4001
1
1
1
1
1
160
1
1
1
1
1
4001
1
402
1
1
1
1
1
1
1
1507
511
4001
1
1
1
1
1
519
212
736
1
1
1
374
1
309
288
660
1
1
1
393
2597
190
1334
1
1
492
1
871
1
1
251
1
1
790
1
1
964
442
408
1
66
1
1
1562
238
1
1448
485
4002
1
633
1
1
236
1
144
126
637
1
1
1
193
1
538
1
573
1541
2838
2596
3394
1293
2
1
1
1
291
1
203
1
2675
1
966
111
2696
775
4002
1
1
819
1
1
1
112
1
595
1
2772
1
1
396
1
1
1
1352
1
150
1
938
4003
1
180
1
1
115
614
1566
352
1
2095
1683
161
1
577
1
1
701
1
1
1
995
782
1
496
578
1
4002
1
895
866
3322
304
1
2
1
228
1
2
518
1
1
1
200
999
1
93
88
1
1
1
1
166
1
1
636
1
710
1
498
862
256
1
77
407
2330
38
1
1
1
3
1
1
2540
1
159
2
1
1
1
66
1
1
1
262
678
1
1007
1
1
4001
1
192
1
2345
1
1
4003
4002
1
1
4002
1
1213
626
1
3
671
383
82
320
96
898
1
1
203
2545
585
1537
2473
1271
1
1
1
1855
1541
1
1
1
293
180
544
1976
1
54
630
34
497
1
1
4000
1
722
1491
1
1
2907
669
2632
2242
1
648
4001
1066
48
406
1
4000
1414
897
218
660
1
355
2103
382
1
1
1
309
1
1
514
902
300
186
290
1061
4000
1
541
1127
1
384
1
1
1
1366
1
1663
133
1024
1
2
1
1
1
1
1
1
1
1
1
1
1
1
4001
1
1187
1
1
1
1
2754
1
369
176
1276
1
1
1528
869
4003
1
1
1
529
1
3337
1
1
1
1
1023
284
1
1
158
1
1416
1
1257
249
676
1
243
1
1
1
1
1
1
518
1
1
1
1
1
2797
3428
1
1
1497
1566
1
1
1
1
1
1
1
727
1
1
1
255
1
1
1
1
1
1
1
1
1
1
1
1
830
1
1
1
576
1
1
4001
1
4002
1
1
1
4002
1672
1
1
1
1
4002
1
4002
1
1
1
970
1
2612
4001
1
1052
1
1
1
1
1
1
1
1
1951
1
1
1134
278
1
1
1
2561
1
1
1
1
1
1
1
1
4003
1
1
2
331
1415
4002
602
1
1
2779
1
2681
4001
1
1
392
1
1
1
1
1
1542
4002
1
1
1
1
4002
2369
426
1
791
1
1
1
1
1
2020
1
2354
1
1
1
4002
1
1
1
943
1
1
1
1
1
1
1
105
1997
1
1
1
1
1
1
1
1
176
1
1
1
3855
1
268
1
850
1
1
1
1
1
1
1
1
1
1
1
1
1
1
2764
1
1
2894
24
1
2
1
1
1
1
1
1
1
674
1
1
1
1
1
1
4002
1
1
1
1
1
1
1
1
503
1
1
1
1
1
1
208
1
1
1
1
1
2529
1
1
2
1
1
1
1
1
1
1
1
1
1
420
1
1
1
1
1
1
1
1
1
100
1
1
1
1
12
1
3648
310
1
996
1
1
1
1
1
1114
1647
1
713
1
1
1
1410
931
1
1
1
1
1
1
1
1557
1
1
1
1
1
1
1
1
1
2496
1
1
1
1
1
1
4002
1
1
1
1
1
1
1
278
1
1
1
1
1
1
1
2916
1
1
1
1
444
1
1
2865
1
1
1
106
1
1
102
1
1
1
1
1
1
1
1
1
3184
1
1
1
