1
1
1
500
1
4000
1
1
1
1
1
1
1
372
124
1
190
1
62
1
60
1
1114
1
1
60
1
1
144
1
600
1
1
1
1
1
1
1
88
430
1
1
1
1
1
1
1
154
1
360
1
1
1262
1
1
1
1
1
4000
1
1
1
1
1
74
96
1
1
296
88
1
1
1
1
1
2486
34
1
198
1
184
1
136
1
1
1
1
1
1
2
210
116
202
380
198
1
1
1
208
370
1
330
1
296
364
1076
1688
568
162
1
1
1
1
66
1
250
536
1
1
1
542
1
1
1
1
1
1
1
70
742
100
1
1
1
314
1
460
1
1
1
1
1
1
1
1372
624
1
1
1
364
164
712
12
438
1244
706
1246
1
1
2318
108
1
224
1
478
222
212
1
1
74
18
1
1
1
1
1
1
1
2418
96
1
1
1
1
1
1
148
1
4000
1
1
1
80
1
1
1
126
1
188
990
1
378
1
1
1068
1
152
1
1
1
1
1
1
1
1
118
1
1
1
1
1
1
1
1
1226
1
1
1
264
1
334
820
1
1
1
1530
1
1
348
1
66
1
1
284
1
1
1
1
1
1
1
1
1
40
60
1
188
1
1
1
1
1
1
1
1072
1
1
130
1
1
1
826
1
1660
1
1
1
1
1
168
1
1
1
1
1
1178
1
44
1
1
1
1
1
1
1
558
74
4000
1
1
1
1
1
298
118
156
1
1
1
248
1
418
240
540
1
1
1
248
706
118
586
1
1
262
1
728
1
1
100
1
1
270
1
1
632
560
448
1
76
1
1
1156
52
1
532
176
4000
1
348
1
1
292
1
160
114
90
1
1
1
550
1
388
1
152
404
120
1300
328
118
66
1
1
1
144
1
116
1
796
1
196
84
1812
936
904
1
1
160
1
1
1
78
1
792
1
1882
1
1
122
1
1
1
132
1
214
1
660
4000
1
116
1
1
90
874
716
540
1
182
448
422
1
108
1
1
242
1
1
1
528
154
1
56
138
1
1792
1
1092
622
2742
280
1
36
1
152
1
82
1396
1
1
1
116
536
1
112
120
1
1
1
1
122
1
1
244
1
714
1
120
194
272
1
120
312
3228
44
1
1
1
32
1
1
1442
1
132
116
1
1
1
192
1
1
1
536
602
1
246
1
1
4000
1
230
1
570
1
1
2126
2664
1
1
474
1
1044
692
1
262
190
20
62
204
112
270
1
1
370
1328
426
880
814
222
1
1
1
310
128
1
1
1
92
362
366
2478
1
220
552
58
1128
1
1
4000
1
466
502
1
1
402
204
1656
512
1
454
2790
1780
62
174
1
4000
160
846
166
88
1
94
1790
626
1
1
1
90
1
1
116
248
292
146
244
1004
3254
1
170
190
1
168
1
1
1
116
1
194
244
176
1
270
1
1
1
1
1
1
1
1
1
1
1
1
4000
1
372
1
1
1
1
2074
1
272
94
280
1
1
978
558
3866
1
1
1
258
1
318
1
1
1
1
286
304
1
1
122
1
1472
1
164
156
1016
1
128
1
1
1
1
1
1
274
1
1
1
1
1
978
4000
1
1
338
1446
1
1
1
1
1
1
1
180
1
1
1
250
1
1
1
1
1
1
1
1
1
1
1
1
1044
1
1
1
310
1
1
4000
1
4000
1
1
1
4000
1474
1
1
1
1
4000
1
1972
1
1
1
932
1
948
3258
1
758
1
1
1
1
1
1
1
1
392
1
1
748
358
1
1
1
1316
1
1
1
1
1
1
1
1
4000
1
1
156
250
192
4000
934
1
1
854
1
1308
418
1
1
450
1
1
1
1
1
1530
1582
1
1
1
1
3274
874
694
1
526
1
1
1
1
1
282
1
856
1
1
1
1818
1
1
1
176
1
1
1
1
1
1
1
76
242
1
1
1
1
1
1
1
1
112
1
1
1
1050
1
276
1
484
1
1
1
1
1
1
1
1
1
1
1
1
1
1
272
1
1
1746
66
1
98
1
1
1
1
1
1
1
1856
1
1
1
1
1
1
2974
1
1
1
1
1
1
1
1
220
1
1
1
1
1
1
314
1
1
1
1
1
504
1
1
566
1
1
1
1
1
1
1
1
1
1
818
1
1
1
1
1
1
1
1
1
138
1
1
1
1
10
1
4000
22
1
586
1
1
1
1
1
1526
510
1
28
1
1
1
496
820
1
1
1
1
1
1
1
830
1
1
1
1
1
1
1
1
1
1210
1
1
1
1
1
1
4000
1
1
1
1
1
1
1
100
1
1
1
1
1
1
1
1106
1
1
1
1
314
1
1
438
1
1
1
58
1
1
120
1
1
1
1
1
1
1
1
1
734
1
1
1
