119
115
131
1599
167
3999
921
675
1071
93
121
3529
297
2363
221
279
597
3321
1127
411
701
1075
1161
153
201
253
393
97
391
117
2131
195
573
635
257
73
811
165
495
1003
639
365
1059
165
23
759
21
1723
3391
3999
1113
757
2677
207
1115
203
297
325
3999
649
513
183
235
311
1087
559
227
163
2535
129
269
373
119
77
609
3591
189
445
1113
407
963
131
865
1077
367
955
91
629
1947
339
1505
571
225
597
671
171
107
105
213
1733
577
1019
333
2979
3999
3999
1997
1147
1181
455
949
1179
467
419
465
1577
1261
121
289
81
2081
153
321
111
2335
267
195
947
791
1981
341
473
359
197
783
261
923
597
411
327
611
257
1281
481
2525
739
157
187
263
3999
513
563
315
2581
3999
3999
1513
2065
1193
3999
1099
897
831
431
1375
795
1299
1201
393
815
385
281
1025
213
271
121
537
435
3999
2595
275
693
337
925
1173
245
975
663
3999
315
1485
123
863
353
333
439
651
417
803
2093
543
3999
195
339
3999
393
1009
483
877
657
1707
717
307
2573
691
1221
971
379
2067
623
723
877
1855
257
3999
2939
1937
3999
239
553
2489
3999
77
773
779
3999
185
773
955
819
3999
3999
231
1717
265
149
1919
89
2401
1579
1361
3999
911
215
1065
243
927
949
541
1103
635
627
447
137
3999
241
491
1445
681
219
421
2251
3361
3447
209
603
559
929
17
625
331
641
1039
717
555
3999
551
809
699
3999
2411
3443
827
807
1239
3999
1295
3999
1661
619
317
247
1097
473
653
1325
571
39
23
557
321
1539
429
1069
439
659
87
1353
1055
449
2107
741
391
929
323
1429
331
787
1461
457
275
277
327
403
1303
2615
1549
93
199
13
221
863
337
257
2635
1947
3999
675
673
379
187
611
489
231
765
1245
479
123
563
369
419
1169
123
893
3403
2433
2933
2581
1251
539
1979
1407
241
1115
589
339
563
1529
77
617
285
1233
2107
3915
471
519
1009
229
235
783
661
351
1833
515
3999
175
443
839
609
203
301
1303
825
645
479
3999
3999
271
497
247
709
149
1307
987
1755
191
1803
1899
657
409
1515
681
465
1719
329
1659
387
1231
791
181
499
1367
1539
3999
219
2371
1343
3999
491
175
319
881
665
383
153
749
821
377
147
607
1319
203
359
619
131
353
243
467
433
215
185
1233
81
2031
421
621
1167
467
257
523
313
2441
429
355
609
197
251
279
115
1275
759
2899
427
449
343
269
933
693
129
321
817
1043
1849
611
569
515
3999
897
389
231
1255
845
491
3999
3999
179
689
3999
355
1887
1343
355
593
339
407
313
299
1185
823
705
569
875
2359
711
2921
2433
1589
1273
909
449
1299
1753
621
337
847
2315
1171
869
3999
289
1641
875
643
2569
709
465
3999
425
1073
1031
227
69
2519
807
2355
2589
485
1083
3999
1247
617
445
251
3999
2763
1441
813
1609
1363
683
3673
1687
241
473
1435
705
387
359
689
2059
953
253
1733
509
2457
643
1241
861
561
543
3437
405
135
547
845
1707
539
1109
571
705
971
523
963
143
321
971
685
757
2165
649
785
941
3999
1041
947
1789
97
207
2737
3055
2619
681
629
2001
357
143
3717
881
2917
1323
421
657
815
761
3927
1379
195
293
471
475
1451
1267
1997
393
245
3175
1489
1209
267
1587
479
277
427
1527
521
2079
609
307
1633
1357
413
945
501
793
3999
3999
267
263
561
1983
713
245
225
1101
947
417
261
805
2459
413
809
1775
2623
2013
523
337
599
119
497
145
1029
269
177
159
1179
1201
317
565
553
1421
51
3999
1163
3999
765
501
371
3999
3999
1549
823
1749
915
3999
3999
3999
1465
2643
537
1475
3999
2055
3943
593
3999
705
413
91
221
3999
671
1087
1053
1425
463
2065
863
3999
69
2551
2511
3999
297
559
627
1101
1179
125
3705
305
3999
667
829
709
1435
2021
3999
2375
3507
3331
3999
737
3999
3999
189
2913
1773
209
515
293
1507
905
3999
3999
3999
1083
1069
269
3999
751
3205
485
1309
1205
365
1749
1133
29
3999
1517
3999
91
3999
133
3999
355
1105
251
1803
2225
249
1297
1539
155
321
1081
183
1139
957
225
405
133
663
269
3471
439
477
221
231
387
2473
121
877
1039
2703
617
401
583
169
667
547
81
153
267
353
461
381
443
305
2745
523
65
2585
769
565
823
75
611
97
377
391
691
145
3999
577
113
93
567
791
239
3999
651
627
199
1027
219
159
405
395
695
301
79
273
261
455
997
1269
95
457
195
3377
2069
1871
281
371
1083
639
173
163
3999
285
353
311
287
501
163
1113
273
151
581
1353
1675
1225
825
1579
357
3943
189
357
2093
103
659
569
3999
885
361
3999
675
523
993
493
1091
3431
1625
3657
1389
1679
289
593
3215
3999
549
195
99
27
199
1439
391
2863
3999
455
383
649
403
775
873
339
407
2617
1301
913
107
469
1983
2547
3999
349
809
2739
101
583
2597
1305
661
627
661
775
901
1697
683
1297
3999
3999
287
419
2415
937
477
343
2693
1117
39
271
415
453
511
2289
985
641
703
491
1531
1135
691
1957
1109
3999
1297
337
335
