3251
4001
4001
101
1801
4001
1
4001
4001
4001
4001
4001
4001
801
4001
4001
1501
1
4001
4001
4001
4001
1251
4001
651
4001
851
4001
4001
2151
4001
4001
451
1701
4001
4001
4001
4001
4001
4001
4001
4001
1
901
4001
4001
801
1401
4001
4001
4001
1
4001
4001
4001
4001
1
4001
1
1
1
4001
851
4001
4001
4001
4001
4001
4001
1
4001
1
4001
1
1
4001
4001
4001
4001
1401
4001
4001
1
4001
4001
4001
1
4001
151
4001
1151
4001
4001
4001
4001
1
851
3701
4001
4001
4001
1351
4001
101
4001
4001
4001
4001
901
4001
901
251
1051
4001
4001
4001
1051
4001
4001
101
4001
4001
4001
4001
4001
851
151
1501
4001
4001
1
4001
4001
4001
4001
1
4001
4001
4001
4001
4001
4001
551
4001
4001
4001
4001
4001
4001
4001
1201
4001
4001
4001
2251
4001
4001
4001
4001
1551
4001
101
4001
4001
151
4001
4001
4001
4001
4001
4001
4001
4001
4001
4001
4001
1
4001
4001
4001
4001
701
4001
4001
4001
1001
4001
4001
4001
4001
4001
4001
4001
4001
4001
901
651
4001
4001
1051
4001
251
4001
4001
4001
4001
801
801
701
1
4001
4001
4001
2801
1
4001
1201
4001
4001
4001
1
1401
4001
551
4001
1
1
801
201
4001
4001
2301
3351
2751
1101
1
1
1701
4001
4001
451
1751
1
101
4001
4001
4001
4001
1001
4001
1
4001
1
451
251
4001
1001
1
1001
4001
801
4001
601
201
4001
2951
1
4001
1001
4001
4001
351
201
4001
4001
4001
551
4001
4001
4001
4001
4001
3951
101
4001
151
651
1
4001
401
4001
4001
4001
1
1
4001
601
301
4001
4001
2951
4001
4001
4001
1
1251
1501
1
4001
4001
4001
4001
451
401
151
4001
1
601
4001
4001
1
4001
451
651
4001
4001
4001
4001
4001
401
4001
1
401
1
1
2801
801
201
1501
1
301
1
1
4001
351
4001
4001
4001
4001
101
4001
1
701
4001
4001
1
551
1451
251
101
2251
1
701
4001
351
4001
4001
601
1
2601
4001
4001
151
701
1
1
4001
1
4001
901
4001
4001
1351
4001
4001
701
4001
4001
4001
4001
4001
1
4001
1
901
701
1
2251
1
4001
4001
4001
4001
1
201
4001
701
4001
4001
4001
501
4001
4001
4001
1051
4001
4001
2851
351
101
4001
2001
4001
1
4001
601
1
4001
4001
1
4001
3701
4001
1001
1951
4001
901
1
4001
601
1
4001
4001
4001
1101
1
4001
151
101
701
4001
851
1551
1
4001
4001
801
4001
1051
4001
101
201
401
4001
4001
4001
1351
1
4001
1251
51
4001
1
501
201
951
2201
1101
751
151
151
4001
4001
301
501
4001
101
1
2001
701
1701
4001
851
4001
1
801
2101
851
4001
2401
4001
4001
4001
4001
1051
201
1
4001
4001
401
4001
1651
801
1301
4001
451
4001
4001
1
351
4001
4001
4001
551
1
401
4001
351
4001
4001
4001
4001
4001
4001
4001
4001
951
551
4001
1
1
4001
1701
1
351
4001
51
951
401
4001
1001
4001
4001
2851
201
4001
2151
801
4001
4001
1
4001
4001
4001
501
4001
4001
1
4001
4001
1551
4001
801
4001
1151
4001
1551
751
4001
4001
1
651
251
4001
4001
851
4001
2301
4001
2401
4001
601
4001
301
951
4001
4001
901
1
601
4001
1
4001
4001
101
1951
1451
1
4001
4001
4001
4001
951
4001
1051
1851
4001
4001
4001
1601
351
1801
4001
4001
4001
1001
2801
4001
701
4001
4001
4001
4001
401
751
4001
801
4001
4001
1
301
4001
4001
1201
1651
4001
4001
351
4001
4001
4001
4001
4001
4001
4001
4001
4001
1251
4001
3001
1101
4001
4001
4001
4001
4001
1801
4001
4001
4001
4001
4001
4001
1
4001
4001
1
4001
4001
4001
151
1
751
4001
1
4001
1751
4001
4001
4001
4001
4001
2251
3101
4001
4001
501
4001
4001
4001
4001
4001
4001
4001
1
601
351
4001
401
4001
4001
4001
4001
101
4001
4001
4001
201
4001
4001
4001
1401
4001
4001
4001
4001
4001
4001
4001
4001
4001
4001
4001
4001
4001
1251
4001
4001
4001
4001
4001
51
4001
4001
1
4001
4001
4001
4001
4001
1
4001
4001
4001
4001
2701
4001
4001
4001
4001
4001
4001
4001
951
4001
701
4001
4001
4001
4001
4001
1051
751
4001
4001
4001
4001
4001
4001
4001
4001
4001
4001
201
251
4001
4001
4001
4001
4001
4001
4001
2601
4001
4001
4001
4001
1
4001
4001
4001
4001
4001
4001
4001
4001
4001
4001
4001
4001
1
4001
4001
601
1
4001
4001
4001
4001
1651
4001
4001
4001
1
4001
2801
4001
4001
301
351
4001
4001
4001
601
1601
4001
4001
51
4001
4001
4001
1001
1401
651
4001
4001
4001
4001
4001
4001
4001
4001
1
4001
4001
1751
4001
4001
4001
1201
4001
4001
4001
4001
4001
4001
4001
4001
4001
4001
4001
4001
4001
4001
4001
4001
4001
4001
4001
4001
4001
4001
4001
751
4001
4001
1201
4001
4001
4001
4001
4001
4001
4001
4001
1901
4001
4001
4001
4001
2101
1651
4001
4001
1
4001
4001
4001
4001
4001
4001
4001
4001
4001
4001
1
4001
1501
3551
851
4001
4001
4001
4001
4001
1001
4001
4001
4001
851
4001
4001
4001
4001
4001
4001
4001
4001
4001
4001
701
4001
4001
4001
4001
4001
4001
4001
4001
4001
4001
4001
1
4001
4001
4001
4001
4001
801
801
4001
151
1251
401
1801
4001
4001
4001
4001
4001
4001
4001
4001
4001
401
4001
4001
4001
3701
4001
1701
601
4001
4001
4001
4001
4001
2151
4001
4001
4001
4001
751
4001
4001
4001
4001
1501
4001
1
