2358
4002
4001
2
1751
4002
1
4002
4006
4001
4001
1957
4003
801
4005
4005
4008
1
4005
4004
4004
4008
2007
4006
2
4007
1101
4003
4002
2801
4001
2505
3
1056
4007
4002
4004
4001
4008
4002
4003
4007
1
956
4005
4001
2
1558
4007
4003
4001
1
4005
4007
4008
4007
1
4005
1
1
1
4004
1003
4006
4001
4005
4002
4007
4007
1
4008
1
4007
1
1
4009
4002
4004
4008
1607
4008
4004
1
4008
4002
4009
1
4002
2
4001
1107
4007
4008
4006
4004
1
756
4008
4001
4007
4007
1002
4008
2
4003
4004
4007
4007
651
4004
1107
2
906
4002
4006
4006
1156
4005
4007
554
4004
4002
4004
4006
4003
6
2
1854
4008
4003
1
4006
4006
4005
4001
1
4005
4006
4005
4008
4008
4006
558
4007
4002
4006
4007
4008
4007
4003
809
4001
4001
4007
4006
4008
4002
4002
4001
1705
4002
2
4004
4008
2
4003
4007
4004
4002
4005
4006
4003
4005
4004
4002
4009
1
4007
4002
4008
4003
1002
4006
4001
4008
2
4003
4008
4002
4008
4006
4003
4002
4002
4008
3
808
4005
4008
604
4005
351
4005
4001
4008
4004
1004
953
4
1
4009
4008
4008
4007
1
4005
956
4009
4008
4006
1
1801
4007
708
4004
1
1
2
8
4003
4007
1852
4006
3056
1451
1
1
1856
4007
4002
807
5
1
2
4007
4002
4003
4002
1003
4008
1
4005
1
607
2
4006
1103
1
855
2557
753
4002
854
2
4001
1455
1
4001
955
4004
4002
4
2
4005
4004
4005
608
4001
4006
3356
4007
4004
4002
2
4004
2
406
1
4007
551
4006
4003
4007
1
1
4008
4
3
4004
4006
2602
4005
4005
4007
1
2005
1807
1
4003
4007
2502
3158
2
2
201
4001
1
603
4006
4004
1
4007
2
357
4006
4004
4004
4005
4008
403
4009
1
4
1
1
1152
606
201
1555
1
305
1
1
4004
206
4008
4004
4005
4003
2
4001
1
704
4003
4004
1
104
1702
204
2
2453
1
6
4007
307
4006
4003
603
1
4004
4009
4008
2
958
1
1
4003
1
4002
1108
4002
4002
1454
4001
4003
405
4006
4002
4007
2055
4002
1
4004
1
1108
902
1
1205
1
4004
4008
4003
4003
1
2
4002
3
4005
4005
4003
454
4001
4007
4003
955
4001
4004
2004
2
2
4001
2409
4008
1
4006
454
1
4007
4005
1
4008
2457
4006
951
753
4004
901
1
4008
7
1
4007
4007
4002
1403
1
4008
2
2
857
4006
1005
4003
1
4009
4007
704
4004
854
4002
2
2
502
4009
4001
4004
1307
1
4005
1254
2
4005
1
352
409
1255
4006
1351
855
2
2
4001
4003
2
2
4005
2
1
1606
801
2151
4003
659
4006
1
459
2203
1156
4
4003
4002
4004
4001
4005
958
2
1
4006
4006
3
4003
1454
656
1102
4006
657
4005
4002
1
3
4008
4005
4007
803
1
351
4005
201
4005
4003
4003
4001
4004
4002
4004
4004
1107
601
4005
1
1
4003
1454
1
351
4009
204
2003
2
4007
801
4005
4003
2307
356
4006
2758
855
4003
4007
1
4008
4008
4003
308
4007
4006
1
4008
4008
1451
4007
651
4003
1056
4008
1801
804
4002
4008
1
904
2
4006
4006
1008
4003
1507
4001
2401
4005
601
4002
405
1008
4005
4006
957
1
3
4005
1
4005
1657
51
1103
1602
1
4004
4001
4006
4005
2
4001
754
1104
4008
4006
4007
2158
351
1158
4006
4005
4003
1201
4003
4003
3
4006
4005
4003
4006
354
701
4006
1106
4004
4003
1
2
4005
4002
953
2352
4005
4004
2
4003
4007
4007
4006
4007
4008
4005
4006
4002
1255
4001
2959
1204
4002
4003
4008
4007
4005
2301
4005
4003
4003
2
4001
4009
1
4003
4001
1
4006
4003
4002
2
1
1154
4006
1
4008
2006
4007
4005
4007
4001
4004
1359
2457
4005
4001
602
4001
4003
4004
4008
4008
4004
4005
1
1008
2
4008
2
4005
4002
4006
4006
2
4007
4007
4005
2
4007
4003
4008
1557
4007
4004
4009
4005
4004
4008
4008
4001
4003
4007
4005
4001
4002
1404
4005
4004
4003
4005
4006
3
4003
4006
1
4004
4001
4001
4006
2752
1
4006
4003
4008
4007
2152
4007
4009
4005
4008
4007
4003
4007
1153
4008
901
4009
4008
4004
4008
4002
1156
708
4002
4006
4008
4001
4005
4001
4004
4005
4003
4008
2
3
4005
4008
4001
4006
4001
4006
4006
2802
4002
4002
4002
4006
1
4008
4003
4008
4003
4004
4001
4008
4004
4004
4004
4004
4003
1
4002
4007
5
1
4006
4004
4006
4008
1657
4002
4001
4002
1
4002
4005
4001
4007
2
451
4002
4006
4004
903
1404
4001
4005
2
4006
4008
4007
1402
5
2
4006
4004
4005
4006
4006
4004
4003
4004
1
4005
4002
658
4003
3354
4008
752
4007
4003
4004
4002
4005
4004
4006
4003
4004
4005
4003
4003
4002
4001
4008
4002
4005
4001
4003
4002
4008
4001
4002
3
4004
4008
3
4006
4006
4001
4005
4003
4004
4007
4003
2906
3257
4005
4008
4003
4003
3055
4002
4008
1
4008
4007
4008
4002
4002
4003
4003
4007
4009
4001
1
4001
2207
4006
559
4003
4005
4006
4007
4002
1157
4007
4002
4005
603
4001
4001
4008
4002
4001
4005
4002
4001
4002
4002
2
4006
4007
4002
4002
4002
4002
4005
4005
4002
4003
4001
1
4005
4003
4005
4006
4006
2
451
4001
2
1059
706
1701
4003
4004
4001
4009
3703
4003
4004
4007
4005
608
4003
4005
4005
1851
4004
2458
654
4002
4001
4004
4004
4007
2058
4008
4006
4002
4004
652
4007
4006
4006
4007
1251
4002
1
