1
4001
4001
1
1
4001
1
4001
4001
4001
4001
4001
4001
1
4001
4001
1
1
4001
4001
4001
4001
1
4001
1
4001
1001
4001
4001
2151
4001
2901
1
1
4001
4001
1
1
4001
4001
4001
4001
1
1
4001
4001
1
1
4001
4001
4001
1
4001
1
4001
1
1
4001
1
1
1
4001
1
4001
4001
4001
4001
4001
4001
1
4001
1
1
1
1
4001
4001
4001
4001
1651
4001
4001
1
4001
4001
4001
1
4001
1
4001
1
4001
4001
4001
4001
1
1
1951
4001
4001
4001
1751
1
1
4001
4001
4001
1
1
4001
1
1
1
4001
4001
4001
1
4001
1
1
4001
4001
4001
4001
4001
1
1
1
4001
4001
1
4001
4001
4001
4001
1
4001
4001
4001
1
4001
4001
1
4001
4001
4001
4001
4001
4001
4001
1
4001
4001
4001
1
4001
4001
4001
1
1
4001
1
4001
4001
1
4001
4001
4001
4001
4001
4001
4001
4001
1
4001
4001
1
4001
4001
4001
4001
1
4001
1
4001
1
4001
4001
4001
4001
4001
4001
4001
4001
4001
1
1
4001
1
1
1
1
4001
4001
4001
4001
1
1
1
1
4001
4001
4001
1
1
4001
1151
4001
4001
4001
1
1
4001
1
1
1
1
1
1
4001
1
1551
1
3401
1
1
1
4001
4001
4001
1
1
1
1
1
4001
4001
4001
1101
4001
1
4001
1
1
1
4001
1151
1
1
1
1
4001
1
1
4001
1
1
4001
1
4001
4001
1
1
4001
4001
4001
1
4001
4001
2351
1
4001
1
1
4001
1
1
1
4001
1
4001
4001
4001
1
1
1
1
1
4001
4001
4001
4001
4001
4001
1
1
1
1
4001
4001
1501
3151
1
1
1
4001
1
501
1
4001
1
4001
1
1
1
4001
4001
4001
4001
1
4001
1
1
1
1
2901
501
1
4001
1
1
1
1
4001
1
4001
4001
4001
4001
101
4001
1
2101
4001
4001
1
2201
1301
801
1
1401
201
1101
4001
1
4001
4001
1
1
3001
4001
4001
1
1
1
1
4001
1
4001
901
4001
4001
1
1
4001
1
4001
4001
4001
1851
4001
1
4001
1
1201
1
1
2401
1
4001
1
1
4001
1
1
4001
1
1
4001
4001
1
4001
4001
4001
1
4001
4001
1
1
1
4001
1
4001
1
4001
1
1
4001
2701
1
4001
1
4001
1
1
4001
1
501
1
1
1
4001
4001
4001
1
1
1
1
1
1
4001
1
1
1
1
1
501
4001
1251
3501
1
1
1
4001
4001
1
1
1
4001
1
1
4001
1
1
1
1
1
1
1
1
1
4001
4001
1
1
1
1
1
1651
1
3901
4001
1
4001
1
651
1
1
1
1
4001
4001
4001
4001
1351
1
1
1
4001
1
4001
1
651
1
4001
1
4001
4001
1
451
4001
4001
4001
1
1
1
4001
1
4001
4001
4001
4001
4001
4001
4001
4001
1
1
4001
1
1
1
1
1
1
4001
1
1
1
1
1
4001
4001
1
1
4001
2151
1
1
4001
1
4001
4001
4001
1
4001
4001
1
4001
4001
1
1
1
1
1
4001
1651
1
4001
4001
1
1
1
4001
4001
1
4001
1
4001
1
4001
1
4001
1
1501
4001
4001
1101
1
1
4001
1
4001
1
1
1
1
1
4001
4001
4001
4001
1
4001
1
1
4001
4001
1
1
1
1
4001
4001
4001
1
1
4001
1
4001
4001
4001
4001
1
1
4001
1
1
4001
1
1
4001
4001
1
1
1
4001
1
4001
4001
4001
4001
4001
1
4001
4001
4001
1
4001
1
1
4001
4001
4001
4001
1
1
4001
4001
4001
1
4001
4001
1
4001
4001
1
4001
4001
4001
1
1
1
4001
1
4001
1
4001
4001
4001
4001
4001
1
2451
2801
4001
1
4001
4001
4001
4001
4001
4001
4001
1
1
1
4001
1
4001
4001
4001
4001
1
4001
4001
4001
1
4001
4001
4001
1
1
4001
4001
4001
4001
4001
4001
4001
4001
4001
4001
4001
4001
1
4001
1
1
4001
4001
1
1
4001
1
4001
4001
4001
4001
1
1
4001
4001
1
4001
1
4001
4001
4001
4001
4001
4001
4001
1
4001
1
4001
4001
4001
4001
4001
1
1
4001
4001
4001
4001
4001
4001
4001
4001
1
4001
1
1
4001
1
4001
4001
4001
4001
4001
1
4001
4001
4001
4001
1
4001
4001
1
4001
4001
4001
4001
4001
4001
4001
4001
4001
1
4001
4001
1
1
4001
4001
4001
1
1
4001
4001
4001
1
4001
1
4001
4001
1
1
4001
4001
4001
1
1
1
4001
1
1
4001
4001
1
1
1
4001
1
4001
4001
1
4001
4001
4001
1
4001
4001
1
4001
4001
4001
1
4001
4001
1
4001
4001
4001
4001
1
1
4001
4001
1
4001
1
1
1
4001
4001
4001
4001
1
1
1
1
4001
4001
1
4001
4001
4001
4001
4001
4001
4001
4001
1
1
4001
4001
4001
1
2151
4001
4001
1
4001
4001
4001
4001
4001
4001
4001
4001
4001
4001
1
4001
1
1
1
4001
4001
4001
4001
4001
1
4001
4001
4001
1
4001
4001
4001
4001
4001
4001
4001
4001
4001
4001
1
4001
4001
4001
1
4001
4001
4001
4001
4001
4001
4001
1
4001
4001
4001
4001
4001
1
1
4001
1
1
1
1
4001
4001
4001
4001
1
4001
4001
4001
4001
1
4001
4001
1
1701
4001
1
1
4001
4001
4001
4001
4001
1
4001
4001
4001
4001
1
4001
4001
4001
4001
1
4001
1
