4000
4000
4000
150
1550
4000
100
4000
4000
4000
4000
3500
4000
1050
4000
4000
1500
200
4000
4000
4000
4000
1500
4000
800
4000
1100
4000
4000
2450
4000
4000
200
1450
4000
4000
4000
4000
4000
4000
4000
4000
100
1150
4000
4000
1100
1650
4000
4000
4000
150
4000
4000
4000
4000
100
4000
500
50
650
4000
1000
4000
4000
4000
4000
4000
4000
250
4000
150
4000
800
200
4000
4000
4000
4000
1300
4000
4000
900
4000
4000
4000
200
4000
300
4000
1000
4000
4000
4000
4000
600
1250
4000
4000
4000
4000
1900
4000
50
4000
4000
4000
4000
950
4000
650
200
950
4000
4000
4000
1300
4000
4000
300
4000
4000
4000
4000
4000
900
300
1450
4000
4000
150
4000
4000
4000
4000
150
4000
4000
4000
4000
4000
4000
650
4000
4000
4000
4000
4000
4000
4000
1500
4000
4000
4000
3250
4000
4000
4000
350
2400
4000
850
4000
4000
150
4000
4000
4000
4000
4000
4000
4000
4000
4000
4000
4000
150
4000
4000
4000
4000
900
4000
4000
4000
750
4000
4000
4000
4000
4000
4000
4000
4000
4000
1100
750
4000
4000
1050
4000
300
4000
4000
4000
4000
900
750
1200
250
4000
3450
4000
4000
100
4000
950
4000
4000
4000
100
1250
4000
650
4000
50
50
1450
250
4000
2600
2050
3400
2650
1050
100
100
1650
4000
4000
550
2700
550
250
4000
4000
4000
4000
1300
4000
50
4000
100
300
150
4000
1000
500
1600
4000
650
4000
700
200
4000
2400
200
4000
950
4000
4000
1000
250
4000
4000
4000
350
4000
4000
3350
4000
4000
4000
50
4000
100
350
900
4000
600
4000
4000
4000
200
50
4000
900
250
4000
4000
3700
4000
4000
4000
50
1450
1950
100
4000
4000
2450
2500
250
2300
150
4000
1000
350
4000
4000
150
4000
650
300
4000
4000
4000
4000
4000
500
4000
150
200
150
250
2200
600
200
1400
150
350
150
150
4000
200
4000
4000
4000
4000
50
4000
150
650
4000
4000
100
300
1700
200
50
2500
350
700
4000
250
4000
4000
400
50
3750
4000
4000
150
4000
200
200
4000
50
4000
1050
4000
4000
1400
2200
4000
350
4000
4000
4000
1450
4000
200
4000
300
500
1000
50
1550
100
4000
4000
4000
4000
150
200
4000
500
4000
4000
4000
1600
4000
4000
4000
2700
4000
4000
4000
450
100
4000
2500
4000
150
4000
700
350
4000
4000
400
4000
4000
4000
1350
750
4000
950
800
4000
300
300
4000
4000
4000
1000
100
4000
550
200
600
4000
1000
4000
100
4000
4000
900
4000
950
4000
150
200
850
4000
4000
4000
1700
100
4000
1400
100
4000
400
450
300
1250
2400
2800
650
150
350
4000
4000
200
350
4000
300
300
2000
450
2600
4000
650
4000
250
650
1700
900
3400
3050
4000
4000
4000
4000
1000
250
100
4000
4000
250
4000
1750
450
1150
4000
550
4000
4000
200
350
4000
4000
4000
450
300
250
4000
350
4000
4000
4000
4000
4000
4000
4000
4000
1450
850
4000
200
150
4000
1650
1000
350
4000
150
4000
300
4000
1000
4000
4000
2500
250
4000
2450
750
4000
4000
150
4000
4000
4000
300
4000
4000
350
4000
4000
750
4000
850
4000
1300
4000
1650
950
4000
4000
200
500
150
4000
4000
850
4000
1800
4000
3450
4000
200
4000
200
700
4000
4000
1100
850
650
4000
150
4000
1400
150
1400
1450
300
4000
4000
4000
4000
1400
4000
1300
900
4000
4000
4000
2100
300
1750
4000
4000
4000
1150
4000
4000
900
4000
4000
4000
4000
550
800
4000
1250
4000
4000
50
250
4000
4000
950
2800
4000
4000
250
4000
4000
4000
4000
4000
4000
4000
4000
4000
1500
4000
3550
1150
4000
4000
4000
4000
4000
1850
4000
4000
4000
4000
4000
4000
200
4000
4000
150
4000
4000
4000
100
700
900
4000
150
4000
2400
4000
4000
4000
4000
4000
1600
2100
3850
4000
550
1350
4000
4000
4000
4000
4000
4000
250
1550
300
4000
200
4000
4000
4000
4000
200
4000
4000
4000
200
4000
4000
4000
1700
4000
4000
4000
4000
4000
4000
4000
4000
4000
4000
4000
4000
4000
1200
4000
4000
4000
4000
4000
150
4000
4000
100
4000
4000
4000
4000
4000
100
4000
4000
4000
4000
2150
4000
4000
4000
4000
4000
4000
4000
1600
4000
1000
4000
4000
4000
4000
4000
600
850
4000
4000
4000
4000
4000
4000
4000
4000
4000
4000
150
300
4000
3800
4000
4000
4000
4000
4000
2000
4000
4000
4000
4000
100
4000
4000
4000
4000
4000
4000
4000
4000
4000
4000
4000
4000
100
4000
4000
400
400
4000
4000
4000
4000
1800
4000
4000
4000
200
4000
3600
4000
4000
250
350
4000
4000
4000
550
2300
4000
4000
150
4000
4000
4000
1200
1250
700
4000
4000
4000
4000
4000
4000
4000
4000
100
4000
4000
1050
4000
4000
4000
1050
4000
4000
4000
4000
4000
4000
4000
4000
4000
4000
4000
4000
4000
4000
4000
4000
4000
4000
4000
4000
4000
4000
4000
800
4000
4000
1250
4000
4000
4000
4000
4000
4000
4000
4000
1600
4000
4000
4000
4000
4000
3200
4000
4000
50
4000
4000
4000
4000
4000
4000
4000
4000
4000
4000
250
4000
1500
4000
1250
4000
4000
4000
4000
4000
1300
4000
4000
4000
500
4000
4000
4000
4000
4000
4000
4000
4000
4000
4000
650
4000
4000
4000
4000
4000
4000
4000
4000
4000
4000
4000
150
4000
4000
4000
4000
4000
750
550
4000
200
1750
600
800
4000
4000
4000
4000
4000
4000
4000
4000
4000
700
4000
4000
4000
1400
4000
2400
650
4000
4000
4000
4000
4000
1750
4000
4000
4000
4000
500
4000
4000
4000
4000
4000
4000
150
