2.185357790680342749e+00
1.527391140985044915e+00
3.542182188758168593e+00
2.121376396129980968e+00
7.691639658096099952e-01
2.029258769781445260e+00
3.332272288856059195e+00
2.658765349239906151e+00
1.373578082533262190e+00
2.001957007706330671e+00
2.394895054049496430e+00
3.991430122070450004e+00
3.181055808323597134e+00
2.306822327350511515e+00
0.000000000000000000e+00
3.551596878402539570e+00
3.700795163295630630e+00
2.995415165593472651e+00
1.638852772322478835e+00
4.086537883515347858e+00
2.665246843986448511e+00
3.102019335831045943e+00
2.187396078517057418e+00
0.000000000000000000e+00
1.173018955230616500e+00
2.905616475327175152e+00
3.650140285185026645e+00
2.919010918265252386e+00
3.070216938678576035e+00
1.547060833167854366e+00
2.265086614340939164e+00
2.731487924931959022e+00
0.000000000000000000e+00
0.000000000000000000e+00
3.546986123212523268e+00
7.176201466990428379e-02
3.505507693613445497e+00
4.502603565220009152e+00
0.000000000000000000e+00
3.251663665632389844e+00
2.508757385427964337e-01
1.937358604557014807e+00
4.216407721473360404e+00
7.679083039419456469e-01
1.446423586134625960e+00
2.346457832883978689e+00
1.906098991351691696e+00
2.671446421774356761e+00
2.691782482342917948e+00
1.523058695746064117e+00
9.767274162464367748e-03
6.032474760245356560e-01
1.650431096921218144e+00
4.105474158738634527e-01
1.806362773141517719e+00
1.660345823121600617e+00
6.444110702118037715e-01
1.139865495448389776e+00
9.400893204331408626e-01
5.655849917893082335e+00
2.663754982628346646e+00
1.266447260760013904e+00
2.797563664369491221e+00
2.378717490564386416e+00
5.098652467457958970e+00
1.338244521861898129e+00
4.319380732581501903e+00
0.000000000000000000e+00
1.788234277530649452e+00
3.184128812506933137e+00
2.618726583691267429e+00
1.521860831324759911e+00
3.197790415165193689e+00
5.788994909299901792e+00
4.566817274088228906e+00
2.582369111649108095e+00
3.647439430414896044e+00
0.000000000000000000e+00
3.350542784078748504e+00
1.866730782113116938e+00
1.683665588680695713e+00
2.893276946310515907e+00
8.651089156126344770e-01
5.973177936941056476e-01
3.856436268731564976e+00
1.850976232661973420e+00
0.000000000000000000e+00
2.796715648450371461e+00
3.075737481417448294e+00
1.106405337332419192e+00
2.825951103082795068e+00
4.985257137329450750e+00
0.000000000000000000e+00
3.253434392314026535e+00
3.089542048813318953e+00
4.441074938733033939e-01
4.357229228626023243e+00
4.183238496996569467e+00
8.412670912316722038e-01
5.190009501964557792e+00
0.000000000000000000e+00
0.000000000000000000e+00
0.000000000000000000e+00
0.000000000000000000e+00
0.000000000000000000e+00
0.000000000000000000e+00
0.000000000000000000e+00
0.000000000000000000e+00
0.000000000000000000e+00
0.000000000000000000e+00
0.000000000000000000e+00
0.000000000000000000e+00
0.000000000000000000e+00
0.000000000000000000e+00
0.000000000000000000e+00
0.000000000000000000e+00
0.000000000000000000e+00
0.000000000000000000e+00
0.000000000000000000e+00
0.000000000000000000e+00
0.000000000000000000e+00
0.000000000000000000e+00
0.000000000000000000e+00
0.000000000000000000e+00
0.000000000000000000e+00
0.000000000000000000e+00
0.000000000000000000e+00
0.000000000000000000e+00
0.000000000000000000e+00
0.000000000000000000e+00
0.000000000000000000e+00
0.000000000000000000e+00
0.000000000000000000e+00
0.000000000000000000e+00
0.000000000000000000e+00
0.000000000000000000e+00
0.000000000000000000e+00
0.000000000000000000e+00
0.000000000000000000e+00
0.000000000000000000e+00
0.000000000000000000e+00
0.000000000000000000e+00
0.000000000000000000e+00
0.000000000000000000e+00
0.000000000000000000e+00
0.000000000000000000e+00
0.000000000000000000e+00
0.000000000000000000e+00
0.000000000000000000e+00
0.000000000000000000e+00
0.000000000000000000e+00
0.000000000000000000e+00
0.000000000000000000e+00
0.000000000000000000e+00
0.000000000000000000e+00
0.000000000000000000e+00
0.000000000000000000e+00
0.000000000000000000e+00
0.000000000000000000e+00
0.000000000000000000e+00
0.000000000000000000e+00
0.000000000000000000e+00
0.000000000000000000e+00
0.000000000000000000e+00
0.000000000000000000e+00
0.000000000000000000e+00
0.000000000000000000e+00
0.000000000000000000e+00
0.000000000000000000e+00
0.000000000000000000e+00
0.000000000000000000e+00
0.000000000000000000e+00
0.000000000000000000e+00
0.000000000000000000e+00
0.000000000000000000e+00
0.000000000000000000e+00
0.000000000000000000e+00
0.000000000000000000e+00
0.000000000000000000e+00
0.000000000000000000e+00
0.000000000000000000e+00
0.000000000000000000e+00
0.000000000000000000e+00
0.000000000000000000e+00
0.000000000000000000e+00
0.000000000000000000e+00
0.000000000000000000e+00
0.000000000000000000e+00
0.000000000000000000e+00
0.000000000000000000e+00
0.000000000000000000e+00
0.000000000000000000e+00
0.000000000000000000e+00
0.000000000000000000e+00
0.000000000000000000e+00
0.000000000000000000e+00
0.000000000000000000e+00
0.000000000000000000e+00
0.000000000000000000e+00
0.000000000000000000e+00
0.000000000000000000e+00
9.274741627216553930e-01
0.000000000000000000e+00
0.000000000000000000e+00
0.000000000000000000e+00
0.000000000000000000e+00
0.000000000000000000e+00
7.722628361368982786e-01
0.000000000000000000e+00
0.000000000000000000e+00
0.000000000000000000e+00
1.453763751105081159e+00
7.064536812606234673e-01
0.000000000000000000e+00
0.000000000000000000e+00
7.926290230641873658e-01
0.000000000000000000e+00
2.461114436078510437e+00
0.000000000000000000e+00
1.900175505864170944e+00
0.000000000000000000e+00
1.133911223126485179e+00
0.000000000000000000e+00
0.000000000000000000e+00
1.712825736242284957e-01
0.000000000000000000e+00
1.087715801112848713e+00
2.617435978594013335e+00
0.000000000000000000e+00
0.000000000000000000e+00
0.000000000000000000e+00
0.000000000000000000e+00
1.029131123730243180e+00
1.394012078188962445e+00
9.169910597011190490e-01
0.000000000000000000e+00
0.000000000000000000e+00
0.000000000000000000e+00
0.000000000000000000e+00
0.000000000000000000e+00
0.000000000000000000e+00
0.000000000000000000e+00
0.000000000000000000e+00
1.259083453518653473e-01
0.000000000000000000e+00
0.000000000000000000e+00
0.000000000000000000e+00
4.944854046254838487e-01
0.000000000000000000e+00
0.000000000000000000e+00
0.000000000000000000e+00
1.815002059549316593e-01
0.000000000000000000e+00
0.000000000000000000e+00
0.000000000000000000e+00
5.098846727914596588e-02
0.000000000000000000e+00
1.214604163162932071e+00
0.000000000000000000e+00
1.501291047886786689e+00
0.000000000000000000e+00
0.000000000000000000e+00
0.000000000000000000e+00
1.223431831569605999e+00
1.353801426463239199e-01
3.479158315267741219e+00
0.000000000000000000e+00
2.407690558048586338e-01
0.000000000000000000e+00
0.000000000000000000e+00
0.000000000000000000e+00
0.000000000000000000e+00
0.000000000000000000e+00
0.000000000000000000e+00
0.000000000000000000e+00
2.697011207047512293e+00
0.000000000000000000e+00
1.931725402708554862e+00
0.000000000000000000e+00
2.459389659671766371e+00
0.000000000000000000e+00
3.993864713756864138e+00
0.000000000000000000e+00
2.651216292455713219e+00
0.000000000000000000e+00
0.000000000000000000e+00
0.000000000000000000e+00
0.000000000000000000e+00
0.000000000000000000e+00
0.000000000000000000e+00
0.000000000000000000e+00
0.000000000000000000e+00
0.000000000000000000e+00
3.015200598499796492e-01
0.000000000000000000e+00
6.137516464618922862e-01
0.000000000000000000e+00
0.000000000000000000e+00
2.370820967822674152e+00
1.048193318655214146e+00
7.015477674333108205e-01
6.284827855363761540e-01
0.000000000000000000e+00
3.499756398250430944e-01
3.586412892597681701e+00
0.000000000000000000e+00
0.000000000000000000e+00
1.516308139204151306e+00
1.450977660311113526e+00
0.000000000000000000e+00
2.433091645683125304e+00
4.025900444873190764e+00
7.756728027206172271e-04
1.331384444940481027e+00
2.304412364995258589e+00
0.000000000000000000e+00
0.000000000000000000e+00
0.000000000000000000e+00
0.000000000000000000e+00
7.973244741444243111e-01
1.617681213155251596e+00
1.985685540576848318e+00
2.031519641785479724e+00
2.062234770712529919e+00
1.528102177957504137e+00
0.000000000000000000e+00
7.950349171131616544e-01
0.000000000000000000e+00
2.431842142701330367e+00
9.902118548594112113e-01
2.614510578001483232e+00
0.000000000000000000e+00
8.214008871805540402e-01
0.000000000000000000e+00
1.875979359720049811e+00
0.000000000000000000e+00
1.449324766868768766e+00
0.000000000000000000e+00
0.000000000000000000e+00
2.994036689106696070e+00
0.000000000000000000e+00
6.586058622127648476e+00
0.000000000000000000e+00
2.120172758666907242e+00
1.174365809386359594e+00
1.531521151573558059e+00
0.000000000000000000e+00
0.000000000000000000e+00
1.263082604568174006e+00
1.715101911092476339e+00
2.659205387135401555e+00
4.052258007345085566e+00
3.861339688754738209e+00
2.960210980759780952e-01
5.483835152917491129e-01
2.080341606093809581e+00
3.871203461816243863e+00
2.184018188197999422e+00
0.000000000000000000e+00
3.248592815227184794e+00
3.428951222898161788e+00
0.000000000000000000e+00
2.445848953838399620e+00
2.706613684502515049e+00
3.702280549863878889e-03
0.000000000000000000e+00
0.000000000000000000e+00
2.143817877265897565e+00
0.000000000000000000e+00
1.860777487338485248e-01
0.000000000000000000e+00
2.059252497862004816e+00
1.564500244045656352e+00
2.663683427014836180e+00
0.000000000000000000e+00
0.000000000000000000e+00
2.597118490585279105e+00
2.332116659941325665e+00
0.000000000000000000e+00
1.291833967936154792e+00
2.276707091034407160e+00
1.576428316227475701e+00
0.000000000000000000e+00
4.020641270539209167e-01
0.000000000000000000e+00
3.690751416584590050e-01
0.000000000000000000e+00
4.122591083471824014e+00
0.000000000000000000e+00
0.000000000000000000e+00
1.766152504631176789e+00
2.058453098212603471e+00
0.000000000000000000e+00
0.000000000000000000e+00
9.883369107827235656e-01
4.147073708301656225e+00
0.000000000000000000e+00
3.482944566950321175e+00
4.607442861215099050e+00
0.000000000000000000e+00
0.000000000000000000e+00
0.000000000000000000e+00
0.000000000000000000e+00
0.000000000000000000e+00
0.000000000000000000e+00
0.000000000000000000e+00
0.000000000000000000e+00
0.000000000000000000e+00
0.000000000000000000e+00
0.000000000000000000e+00
0.000000000000000000e+00
0.000000000000000000e+00
0.000000000000000000e+00
0.000000000000000000e+00
0.000000000000000000e+00
0.000000000000000000e+00
0.000000000000000000e+00
0.000000000000000000e+00
0.000000000000000000e+00
0.000000000000000000e+00
0.000000000000000000e+00
0.000000000000000000e+00
0.000000000000000000e+00
0.000000000000000000e+00
0.000000000000000000e+00
0.000000000000000000e+00
0.000000000000000000e+00
0.000000000000000000e+00
0.000000000000000000e+00
0.000000000000000000e+00
0.000000000000000000e+00
0.000000000000000000e+00
0.000000000000000000e+00
0.000000000000000000e+00
0.000000000000000000e+00
0.000000000000000000e+00
0.000000000000000000e+00
0.000000000000000000e+00
0.000000000000000000e+00
0.000000000000000000e+00
0.000000000000000000e+00
0.000000000000000000e+00
0.000000000000000000e+00
0.000000000000000000e+00
0.000000000000000000e+00
0.000000000000000000e+00
0.000000000000000000e+00
2.977018835564724242e-01
0.000000000000000000e+00
0.000000000000000000e+00
0.000000000000000000e+00
0.000000000000000000e+00
0.000000000000000000e+00
0.000000000000000000e+00
0.000000000000000000e+00
0.000000000000000000e+00
0.000000000000000000e+00
0.000000000000000000e+00
0.000000000000000000e+00
0.000000000000000000e+00
0.000000000000000000e+00
0.000000000000000000e+00
0.000000000000000000e+00
0.000000000000000000e+00
0.000000000000000000e+00
0.000000000000000000e+00
0.000000000000000000e+00
0.000000000000000000e+00
0.000000000000000000e+00
0.000000000000000000e+00
0.000000000000000000e+00
0.000000000000000000e+00
0.000000000000000000e+00
0.000000000000000000e+00
0.000000000000000000e+00
0.000000000000000000e+00
0.000000000000000000e+00
0.000000000000000000e+00
0.000000000000000000e+00
0.000000000000000000e+00
0.000000000000000000e+00
0.000000000000000000e+00
0.000000000000000000e+00
0.000000000000000000e+00
0.000000000000000000e+00
0.000000000000000000e+00
0.000000000000000000e+00
0.000000000000000000e+00
0.000000000000000000e+00
0.000000000000000000e+00
0.000000000000000000e+00
0.000000000000000000e+00
0.000000000000000000e+00
0.000000000000000000e+00
0.000000000000000000e+00
0.000000000000000000e+00
0.000000000000000000e+00
0.000000000000000000e+00
0.000000000000000000e+00
0.000000000000000000e+00
8.994289227835854383e-01
0.000000000000000000e+00
0.000000000000000000e+00
0.000000000000000000e+00
0.000000000000000000e+00
0.000000000000000000e+00
0.000000000000000000e+00
2.469050165724926416e-01
0.000000000000000000e+00
0.000000000000000000e+00
0.000000000000000000e+00
0.000000000000000000e+00
0.000000000000000000e+00
0.000000000000000000e+00
0.000000000000000000e+00
0.000000000000000000e+00
0.000000000000000000e+00
0.000000000000000000e+00
0.000000000000000000e+00
0.000000000000000000e+00
0.000000000000000000e+00
0.000000000000000000e+00
0.000000000000000000e+00
0.000000000000000000e+00
0.000000000000000000e+00
0.000000000000000000e+00
0.000000000000000000e+00
0.000000000000000000e+00
0.000000000000000000e+00
0.000000000000000000e+00
0.000000000000000000e+00
0.000000000000000000e+00
0.000000000000000000e+00
0.000000000000000000e+00
0.000000000000000000e+00
0.000000000000000000e+00
0.000000000000000000e+00
0.000000000000000000e+00
7.313178529177776221e-01
0.000000000000000000e+00
0.000000000000000000e+00
0.000000000000000000e+00
0.000000000000000000e+00
0.000000000000000000e+00
0.000000000000000000e+00
0.000000000000000000e+00
0.000000000000000000e+00
0.000000000000000000e+00
0.000000000000000000e+00
0.000000000000000000e+00
0.000000000000000000e+00
0.000000000000000000e+00
0.000000000000000000e+00
0.000000000000000000e+00
0.000000000000000000e+00
0.000000000000000000e+00
0.000000000000000000e+00
0.000000000000000000e+00
0.000000000000000000e+00
0.000000000000000000e+00
0.000000000000000000e+00
0.000000000000000000e+00
0.000000000000000000e+00
0.000000000000000000e+00
0.000000000000000000e+00
0.000000000000000000e+00
0.000000000000000000e+00
0.000000000000000000e+00
0.000000000000000000e+00
0.000000000000000000e+00
0.000000000000000000e+00
0.000000000000000000e+00
0.000000000000000000e+00
0.000000000000000000e+00
1.081149828013442393e+00
1.862327853646352782e+00
0.000000000000000000e+00
0.000000000000000000e+00
0.000000000000000000e+00
0.000000000000000000e+00
0.000000000000000000e+00
0.000000000000000000e+00
0.000000000000000000e+00
0.000000000000000000e+00
0.000000000000000000e+00
0.000000000000000000e+00
0.000000000000000000e+00
0.000000000000000000e+00
0.000000000000000000e+00
0.000000000000000000e+00
0.000000000000000000e+00
0.000000000000000000e+00
0.000000000000000000e+00
0.000000000000000000e+00
0.000000000000000000e+00
6.456674209236825668e-01
0.000000000000000000e+00
0.000000000000000000e+00
0.000000000000000000e+00
0.000000000000000000e+00
0.000000000000000000e+00
2.025329669055673243e-01
0.000000000000000000e+00
0.000000000000000000e+00
0.000000000000000000e+00
0.000000000000000000e+00
0.000000000000000000e+00
2.793156645962053375e+00
0.000000000000000000e+00
1.132346908289043386e+00
0.000000000000000000e+00
1.269716057636800510e-01
0.000000000000000000e+00
5.617705063603839477e-01
4.035680844657062671e+00
0.000000000000000000e+00
0.000000000000000000e+00
5.949701209536342184e-01
0.000000000000000000e+00
0.000000000000000000e+00
0.000000000000000000e+00
6.001695746883253246e-01
0.000000000000000000e+00
2.730368835011952378e+00
0.000000000000000000e+00
0.000000000000000000e+00
0.000000000000000000e+00
6.596956449156996527e-01
0.000000000000000000e+00
0.000000000000000000e+00
0.000000000000000000e+00
1.748097347028377824e+00
0.000000000000000000e+00
0.000000000000000000e+00
2.081102831085442695e+00
6.188359774250975498e-01
0.000000000000000000e+00
2.677518966705974002e-01
3.091705225232346699e+00
0.000000000000000000e+00
0.000000000000000000e+00
4.128857858510137646e-01
0.000000000000000000e+00
3.574267576042720052e+00
9.999898084748635174e-01
0.000000000000000000e+00
1.840013828096375148e+00
5.784494292579572816e-01
0.000000000000000000e+00
6.075826327176581110e-02
2.790389075559231991e-01
6.206588344003527435e-01
0.000000000000000000e+00
0.000000000000000000e+00
0.000000000000000000e+00
1.025135175630905282e+00
2.468856157800495055e+00
0.000000000000000000e+00
0.000000000000000000e+00
1.056878198973477012e+00
0.000000000000000000e+00
1.093877625375383467e-03
0.000000000000000000e+00
0.000000000000000000e+00
1.509689142423642494e-01
1.130959455086282928e+00
6.915381650450715956e-01
3.043912893305531497e-01
1.084688992433282317e+00
9.662888703972312143e-01
8.438438399424534886e-01
0.000000000000000000e+00
0.000000000000000000e+00
0.000000000000000000e+00
0.000000000000000000e+00
1.484407792385465941e+00
0.000000000000000000e+00
0.000000000000000000e+00
0.000000000000000000e+00
0.000000000000000000e+00
0.000000000000000000e+00
0.000000000000000000e+00
0.000000000000000000e+00
0.000000000000000000e+00
0.000000000000000000e+00
1.103920210787719292e+00
0.000000000000000000e+00
2.603102217061408652e+00
0.000000000000000000e+00
1.249859460065805727e+00
0.000000000000000000e+00
0.000000000000000000e+00
0.000000000000000000e+00
0.000000000000000000e+00
6.714780660049468608e-01
4.929193517258845247e+00
1.019217223937255223e+00
2.953109376735809644e-01
1.074400458948907566e-01
1.106563378599382919e+00
1.171318043663700736e+00
0.000000000000000000e+00
1.978929259392662399e+00
1.827231419714886895e+00
9.089664888085915440e-01
1.442943610247436004e+00
1.350927437620755622e+00
1.433579355997234295e+00
3.061203752026962377e+00
1.202874206396181478e+00
1.428534493908203862e+00
0.000000000000000000e+00
0.000000000000000000e+00
0.000000000000000000e+00
3.065333870808137018e+00
1.880661566478886382e+00
3.610688989034281704e+00
6.199767298933940296e-01
6.268011318927244613e-01
1.008691639598113587e+00
8.385775248879060451e-01
2.914498395496014194e+00
0.000000000000000000e+00
0.000000000000000000e+00
4.086161991266228366e-01
3.791205816775313764e-01
0.000000000000000000e+00
9.528034111580112597e-01
4.288367617613462190e-01
9.952030689402227015e-01
1.260663707124648480e+00
1.590638275833828219e+00
1.904122336200850807e+00
1.020271475408951911e+00
1.895206992290369596e+00
7.744154928981163977e-01
1.960628793054163266e+00
1.395063830426523932e-01
4.474903432133920944e-01
3.511916700294469340e+00
1.723382485705178491e+00
1.530570075286636245e+00
5.286212165507027105e-01
5.165114133699313381e-01
0.000000000000000000e+00
0.000000000000000000e+00
2.510554633508627731e+00
1.153612910948501158e+00
9.991987418583709868e-01
1.924231960538003827e+00
1.042617281849042898e+00
1.964495134953374356e+00
1.438998530595389624e+00
8.209019790341551825e-01
5.606932056990359126e-01
1.784187781895940850e+00
8.504051345045945398e-01
3.970160853900051023e-01
1.488864066303488887e+00
1.615046413290690985e+00
0.000000000000000000e+00
2.850785351583812854e+00
3.147394825993139023e+00
1.451155830266405156e+00
4.111518764217047206e+00
2.544562439928676589e+00
2.701780795612912733e+00
1.848831719398115858e+00
8.567077383546487512e-01
8.188114092676390676e-02
1.884427370983300820e+00
2.192627198414570877e+00
3.402024146109692282e+00
1.408094222321971900e+00
1.271421041022526843e+00
1.104493173186398725e+00
1.922153489572205443e+00
0.000000000000000000e+00
8.274679616848463759e-01
2.772753292017664517e+00
1.205414783260892131e+00
8.964538731053905973e-01
0.000000000000000000e+00
0.000000000000000000e+00
1.320617244874482843e+00
1.588697332157222863e+00
7.033978324677745420e-01
6.854833352916929190e-01
0.000000000000000000e+00
3.938068565291927836e-01
2.206242014653198025e-01
1.940132729426232938e+00
0.000000000000000000e+00
2.628863803886429817e+00
1.151273528935473633e+00
0.000000000000000000e+00
1.566287446355603796e+00
8.837643676161337503e-01
8.826479426061231148e-01
2.022692888575341463e+00
0.000000000000000000e+00
0.000000000000000000e+00
0.000000000000000000e+00
0.000000000000000000e+00
7.837614320418559988e-01
4.729606391243412755e-02
0.000000000000000000e+00
0.000000000000000000e+00
0.000000000000000000e+00
0.000000000000000000e+00
0.000000000000000000e+00
1.652608861394488926e+00
0.000000000000000000e+00
0.000000000000000000e+00
5.773982790702563150e-01
0.000000000000000000e+00
0.000000000000000000e+00
1.019160161560157096e+00
0.000000000000000000e+00
0.000000000000000000e+00
0.000000000000000000e+00
4.937015233602841668e-01
0.000000000000000000e+00
0.000000000000000000e+00
0.000000000000000000e+00
1.946087353708980672e+00
3.387459498208551967e+00
0.000000000000000000e+00
0.000000000000000000e+00
0.000000000000000000e+00
0.000000000000000000e+00
0.000000000000000000e+00
2.705786685251252432e+00
0.000000000000000000e+00
0.000000000000000000e+00
0.000000000000000000e+00
0.000000000000000000e+00
0.000000000000000000e+00
0.000000000000000000e+00
0.000000000000000000e+00
9.973543240673785615e-01
1.108349842868069146e+00
0.000000000000000000e+00
1.857187652717724458e-01
0.000000000000000000e+00
0.000000000000000000e+00
0.000000000000000000e+00
0.000000000000000000e+00
2.722186094916090759e+00
0.000000000000000000e+00
0.000000000000000000e+00
3.553892867018634494e+00
0.000000000000000000e+00
0.000000000000000000e+00
0.000000000000000000e+00
0.000000000000000000e+00
0.000000000000000000e+00
0.000000000000000000e+00
0.000000000000000000e+00
0.000000000000000000e+00
0.000000000000000000e+00
0.000000000000000000e+00
0.000000000000000000e+00
0.000000000000000000e+00
1.371713968775857273e+00
9.251532407753213505e-01
0.000000000000000000e+00
0.000000000000000000e+00
0.000000000000000000e+00
0.000000000000000000e+00
0.000000000000000000e+00
0.000000000000000000e+00
5.650562191079511187e-03
0.000000000000000000e+00
0.000000000000000000e+00
0.000000000000000000e+00
0.000000000000000000e+00
4.102537186636095790e+00
7.361460907254182562e-01
0.000000000000000000e+00
0.000000000000000000e+00
0.000000000000000000e+00
0.000000000000000000e+00
0.000000000000000000e+00
0.000000000000000000e+00
0.000000000000000000e+00
1.836519036362066037e+00
0.000000000000000000e+00
0.000000000000000000e+00
2.520004931429841388e+00
0.000000000000000000e+00
0.000000000000000000e+00
0.000000000000000000e+00
0.000000000000000000e+00
0.000000000000000000e+00
0.000000000000000000e+00
0.000000000000000000e+00
0.000000000000000000e+00
0.000000000000000000e+00
0.000000000000000000e+00
1.878937887302389864e-01
0.000000000000000000e+00
0.000000000000000000e+00
0.000000000000000000e+00
7.191239519956224013e-01
8.830939674871151057e-01
0.000000000000000000e+00
9.631310457079722553e-01
0.000000000000000000e+00
0.000000000000000000e+00
0.000000000000000000e+00
1.926680529246232787e+00
9.300920700338279890e-01
0.000000000000000000e+00
0.000000000000000000e+00
0.000000000000000000e+00
1.166745847027834015e+00
0.000000000000000000e+00
0.000000000000000000e+00
1.925746364915626785e+00
6.961209824089857889e-01
0.000000000000000000e+00
0.000000000000000000e+00
0.000000000000000000e+00
0.000000000000000000e+00
0.000000000000000000e+00
1.339657648127766887e+00
3.519812123229430600e+00
4.860527319752336872e-01
0.000000000000000000e+00
1.030521536446775910e+00
0.000000000000000000e+00
0.000000000000000000e+00
9.463137620696875363e-01
0.000000000000000000e+00
2.560967238916469046e+00
0.000000000000000000e+00
0.000000000000000000e+00
0.000000000000000000e+00
0.000000000000000000e+00
8.486511268779883821e-01
0.000000000000000000e+00
0.000000000000000000e+00
0.000000000000000000e+00
0.000000000000000000e+00
1.914654101715200785e+00
0.000000000000000000e+00
0.000000000000000000e+00
0.000000000000000000e+00
0.000000000000000000e+00
0.000000000000000000e+00
0.000000000000000000e+00
0.000000000000000000e+00
0.000000000000000000e+00
0.000000000000000000e+00
5.384758835076937089e-01
0.000000000000000000e+00
1.779561764414632208e+00
4.958281020325723265e-01
1.029106947320688414e+00
1.581672880226067113e-01
2.015690091117539939e+00
1.451456844876845009e+00
2.030508104055026131e+00
1.582606061607055858e+00
0.000000000000000000e+00
0.000000000000000000e+00
1.992200780379561831e+00
0.000000000000000000e+00
0.000000000000000000e+00
1.226961667024323521e+00
0.000000000000000000e+00
0.000000000000000000e+00
1.605049347220461664e+00
0.000000000000000000e+00
1.664919951177785684e-01
1.567085114804343204e+00
0.000000000000000000e+00
0.000000000000000000e+00
1.214077234945655004e+00
0.000000000000000000e+00
1.998379722880537779e+00
9.172991658049314267e-01
1.706991877680179348e+00
0.000000000000000000e+00
0.000000000000000000e+00
1.718085556495207555e+00
0.000000000000000000e+00
0.000000000000000000e+00
4.166375168166243981e+00
0.000000000000000000e+00
0.000000000000000000e+00
0.000000000000000000e+00
0.000000000000000000e+00
0.000000000000000000e+00
1.111756683819616676e+00
3.027036296677425575e-01
1.675829176224622907e+00
2.298748979598492781e+00
0.000000000000000000e+00
