3.055204012990871476e+01
2.356596374343196132e+01
2.288572315956308145e+01
3.668356328898074281e+01
2.893049237368258275e+01
3.113325495211604022e+01
3.047493750182119854e+01
3.092013559050559834e+01
1.733722875512515316e+01
2.481413265676249225e+01
1.942728046199332326e+01
2.865197755919266953e+01
1.924601753895422007e+01
2.614894484351959036e+01
2.793374254467519791e+01
2.899962616772273805e+01
2.794852826892047659e+01
3.166596612339980865e+01
2.749745169862542937e+01
3.547803883045693141e+01
2.334091568896818458e+01
3.240525811936187495e+01
2.143628692894025178e+01
2.503445438178834692e+01
2.221928211632748784e+01
2.963158980821082622e+01
2.751531791429389173e+01
3.281722641887083114e+01
2.792178544484325897e+01
1.923319052750019864e+01
2.907124514331820464e+01
3.024066356812485523e+01
2.637112048477580117e+01
2.648624801716938038e+01
3.333970265142703227e+01
2.615875622432718828e+01
2.769068916538128278e+01
3.431757742067440375e+01
2.270079795505758824e+01
2.945970917612820372e+01
2.434052282084164531e+01
2.260333642527221087e+01
2.588495629942073961e+01
2.440826790183245620e+01
3.072476005880961480e+01
3.176360322008696713e+01
2.975602152424395186e+01
2.793452458261202054e+01
2.800099179712365327e+01
2.488563164632786595e+01
2.529204561967056009e+01
1.730826567221271262e+01
2.443677140498639133e+01
2.489707560818368037e+01
2.410725409400761166e+01
2.592902382053083699e+01
2.269091804842967974e+01
3.624027251832742280e+01
2.786879731266726168e+01
3.627534489872524404e+01
2.567275248912999075e+01
2.632664871820786345e+01
2.912213522243412811e+01
3.122350694675690619e+01
2.790868766224372166e+01
2.600201031288180076e+01
3.487501524462471991e+01
2.145366478489925299e+01
2.516605000074401133e+01
2.026449961431838176e+01
2.709303657508971241e+01
2.361993800516331277e+01
2.962809750355296856e+01
3.475285343292467388e+01
3.346855927183096213e+01
2.897536076065912525e+01
3.451074989679874250e+01
2.306475449044298287e+01
3.536905671971606324e+01
2.908359141613488674e+01
2.777353861196608875e+01
2.077643979744673075e+01
2.725201416454136449e+01
2.073251919451467984e+01
3.176349645828991086e+01
2.528290930696837080e+01
2.149476627663538864e+01
2.809138303631488043e+01
2.256662370869710088e+01
2.515287973954936973e+01
2.777690513105524772e+01
3.318268595066776072e+01
2.666785424093570711e+01
2.717834092908402965e+01
2.331380276374235905e+01
2.575241848375087983e+01
2.887708663134624132e+01
2.522180174552059029e+01
1.792072309728589730e+01
2.570389175012013894e+01
1.886247253556328118e+01
2.480418778852591188e+01
2.394615557482289958e+01
2.377154932659949793e+01
2.653850168604185455e+01
2.116478721142321362e+01
2.880250742273411291e+01
2.607369234798110824e+01
2.401760871395102015e+01
1.781659130415524928e+01
2.263721462273039009e+01
1.645507055175306022e+01
2.100241084066137276e+01
6.449577781773769836e+00
1.926484296245615369e+01
1.716034697457866542e+01
2.785977932227305587e+01
2.273227307489617743e+01
2.750605970116673404e+01
1.739820488265968024e+01
2.232099348476317857e+01
1.466817283154600382e+01
1.661532604263867441e+01
2.125345809424267429e+01
2.413833243813522955e+01
2.735440247874336350e+01
2.755945203488972339e+01
2.167522437527937740e+01
2.362831496086966965e+01
2.579491045479636213e+01
2.607576948332376077e+01
2.661187748252045537e+01
2.190312383324524959e+01
2.265372466452193478e+01
1.969195752600588278e+01
2.305730052550984865e+01
2.263522346023996334e+01
1.670092590865885640e+01
2.086386112224393941e+01
2.096081735726146533e+01
1.837002379673938535e+01
2.371985816471710606e+01
2.233215334665741025e+01
2.106458278751394886e+01
1.913250918340770568e+01
2.327367023218494424e+01
2.304617691851017725e+01
2.561726761773127237e+01
1.232420541412929005e+01
2.266073225901144284e+01
1.799954605461765311e+01
2.139048767263216533e+01
1.280360309314103162e+01
2.171694952096679287e+01
2.060181038876783077e+01
2.310346984985905650e+01
1.325551608957045246e+01
2.314700513076861910e+01
2.437222290298418415e+01
2.564301298515798422e+01
1.530824661749969628e+01
1.345563891145538982e+01
2.503116230411449550e+01
2.345157236959975933e+01
2.241593551255556349e+01
2.395108034579919831e+01
1.521038819664401309e+01
2.397473144668515488e+01
2.177639001320956424e+01
2.106381993291220311e+01
2.047763448895750216e+01
1.980104635719227346e+01
2.563713445225589993e+01
2.486115847981091775e+01
1.247023775303482118e+01
2.654272844965353073e+01
1.579286395246495012e+01
1.867284388913835258e+01
1.978720861159440858e+01
1.759988218967937001e+01
1.211375424247786370e+01
2.458306120450791354e+01
2.549255562635754302e+01
1.788997655635957784e+01
2.074176399892459344e+01
2.185931392607232482e+01
2.526256373650866394e+01
2.585186393740021416e+01
2.145997997935198143e+01
2.147233585162456748e+01
1.532401274582804973e+01
1.586511513750602909e+01
1.531771095118289416e+01
2.086748127898244576e+01
2.230369193701711694e+01
2.673644063980153618e+01
2.145472342694662871e+01
2.138364790757418987e+01
1.278966710309446242e+01
1.417347809899381694e+01
2.849451829250725510e+01
2.934627348601506824e+01
2.944713588500596657e+01
3.025862501048394648e+01
2.373131938809769537e+01
2.260607145582081046e+01
3.125881582311026463e+01
2.418668743657429943e+01
2.164613918038562090e+01
2.763695147223967297e+01
2.873604774499435521e+01
3.004695321089863924e+01
3.313877108972926067e+01
3.289070132172727057e+01
2.441674421988691179e+01
3.105386726272545417e+01
2.302461627572869318e+01
2.986473471445594186e+01
1.720035754910409409e+01
3.031333540041602248e+01
3.104488178243645535e+01
3.570996858772731741e+01
2.332634735273589399e+01
2.985961924324267258e+01
3.649116511463722645e+01
2.447409246334825639e+01
2.877962690631813558e+01
2.898792456659223404e+01
3.550133899271177285e+01
2.985306361284797205e+01
3.637531274286769190e+01
1.860399250016417838e+01
1.850384904734326597e+01
2.531195445020759394e+01
3.258280183512304973e+01
2.685367965100365950e+01
3.021647265308098085e+01
2.704335216171682177e+01
2.322092061748081804e+01
2.210744482854318349e+01
2.643543628730271777e+01
3.099966434825659789e+01
2.268450537382731724e+01
3.249580000379877731e+01
3.219359969830033918e+01
1.775993161093285622e+01
2.529532627537698275e+01
3.105668268779154673e+01
1.504749870618246455e+01
1.802963071840127895e+01
2.294855116462722577e+01
2.523386004765356461e+01
3.374939727762219377e+01
2.062363821536498065e+01
2.523850631009303669e+01
3.057693103511029875e+01
2.027421567661420809e+01
2.529668431696919484e+01
3.276606368383039580e+01
3.002661889906552872e+01
2.543367574969641964e+01
2.515517998091704754e+01
2.688582226700357225e+01
3.242890164107404871e+01
3.465903472566645860e+01
3.062964438797003908e+01
2.347115327243141181e+01
2.736592474618022308e+01
2.659898383690570611e+01
3.048818964988685565e+01
2.839884942225463504e+01
2.074046332030857087e+01
2.116336626929961895e+01
2.662143328879626480e+01
2.347411923302678005e+01
3.396045689932751799e+01
2.169929700207661583e+01
3.256741706503814271e+01
3.692334749720337328e+01
4.032153319887879661e+01
2.061528973296062972e+01
4.291325753009120803e+01
3.635488134844916175e+01
3.136845406178398576e+01
2.575790020284712156e+01
2.952872278210705659e+01
1.748640445668995014e+01
3.461474618804718517e+01
3.379232786112473264e+01
1.893217846407674188e+01
3.966265109541388512e+01
3.173512651139923335e+01
1.390490148401496917e+01
3.053583531076892754e+01
3.699405290043574013e+01
4.014875792993083792e+01
2.075784873666432873e+01
3.663966380041566850e+01
3.906586838656467364e+01
2.691568372345096805e+01
3.341598886399042101e+01
2.765876767270210834e+01
2.464670189788578014e+01
3.436358642209444980e+01
3.792120365969455520e+01
3.658882145658353124e+01
1.537990286639423410e+01
3.305214315825020321e+01
3.394551089518420639e+01
3.437760928675605498e+01
3.580261995888078275e+01
4.624523925243921951e+01
2.629449839766983388e+01
3.298991014662673393e+01
4.194144060202422963e+01
2.331277083025368313e+01
3.098303603386608529e+01
2.528833580470885067e+01
3.208251576857875165e+01
2.342502976882538235e+01
2.584115612971533693e+01
3.950746912524186172e+01
3.542564010854614054e+01
3.623395918700900609e+01
3.090194322425717388e+01
3.056936271102802394e+01
2.826815791577238457e+01
2.634753420727976447e+01
3.855248648745682516e+01
2.976606356386572827e+01
3.596875764324037306e+01
2.593926246345215958e+01
2.749140548903930892e+01
3.281630328814581077e+01
3.790605930079198771e+01
3.234175866431392166e+01
2.629618073884093477e+01
2.817736061795159230e+01
2.682665448922027451e+01
4.223975376686116334e+01
2.469847485495468931e+01
4.276655581167901232e+01
2.236999319876950665e+01
4.165698247974474810e+01
3.385606385145376862e+01
4.276362235363069431e+01
1.891622168773520229e+01
2.341949655165597477e+01
3.088245582477522433e+01
3.645878604223856456e+01
3.961159517294225907e+01
4.134916695428963607e+01
3.808394624098807668e+01
2.426832778879141017e+01
2.669605262144028757e+01
3.548094179856608577e+01
2.995402914348003165e+01
3.838729860442748532e+01
2.039439396621500222e+01
3.730387118720143036e+01
3.509329222410715943e+01
2.690819173826118416e+01
3.473729332069906661e+01
3.942606352693653804e+01
2.637615202418525229e+01
1.471954058672687715e+01
3.261283499918867790e+01
4.098598865206863451e+01
3.543826671715841314e+01
2.725393863420045193e+01
2.136921690520109607e+01
3.786188513167194003e+01
3.053664207807709374e+01
4.030421836764011800e+01
3.373895261583194838e+01
2.593553732311218951e+01
4.199762730450461135e+01
3.541346745252215555e+01
2.614864546819290680e+01
3.218664164421066687e+01
2.996439555103858865e+01
3.251363744432246250e+01
2.277048117479765565e+01
3.385427861075065437e+01
2.783487318422973544e+01
3.550666808271492414e+01
1.936437213554836489e+01
3.816013332121541879e+01
3.552784729813582487e+01
3.090762909382611312e+01
3.526540380244426132e+01
3.185716811314729924e+01
1.582505137158252495e+01
3.069151690111291231e+01
3.502865217385900820e+01
4.067009738978916999e+01
3.056126220255579895e+01
3.354848479123118210e+01
3.812410353262190199e+01
3.193277358403951993e+01
2.766521826270505713e+01
3.273066324847822273e+01
3.684544375595015708e+01
2.417019077853745657e+01
4.069788363479062099e+01
3.997173314240316699e+01
3.469829939192979396e+01
2.856125263008643955e+01
2.590522380762200783e+01
3.888695524246642066e+01
3.722544476287617243e+01
3.933345041991649538e+01
3.220306781040488886e+01
3.666809848404349736e+01
3.248585515443926397e+01
3.160146335620800073e+01
3.627462774273058699e+01
3.410888672615312345e+01
2.299514390258064012e+01
4.277613449566087667e+01
3.264196778182824232e+01
2.898744969250282111e+01
3.450822446234205643e+01
3.330139929735388193e+01
2.838035008287164729e+01
3.214161305912043076e+01
2.118756864437079201e+01
4.138074501794348237e+01
3.818682099723451273e+01
3.645240022471182328e+01
2.278958328482733364e+01
3.240045931630650244e+01
4.186182410593473691e+01
3.167230983660327936e+01
3.816722108286140269e+01
1.584538846988575145e+01
2.998986252818187737e+01
2.282877159787721411e+01
2.770893096233176678e+01
3.709652717166217428e+01
9.174238216340008023e+00
1.698524288165870999e+01
3.286343380661889313e+01
3.361285402897847518e+01
2.618246072734398311e+01
2.464742471921048406e+01
2.904104241079804538e+01
3.111119843352176062e+01
3.513267142830216727e+01
2.939956480306260289e+01
2.693516535960275959e+01
4.785363770759106927e+01
3.188016312488350579e+01
3.254231642181321149e+01
2.334165001313551002e+01
2.768107604103849084e+01
3.206744771790604176e+01
4.042078394430357235e+01
3.646250534987142089e+01
4.182067873302616334e+01
2.925408173399082656e+01
3.284496313476155649e+01
3.088734243982634808e+01
2.848134236113166651e+01
2.152431108069928101e+01
4.361036683808501380e+01
2.981648257212614794e+01
3.123606110564389482e+01
2.104698565106871655e+01
1.903937721760907209e+01
2.782591441575304358e+01
3.199391940040904814e+01
2.490228654993453361e+01
3.172340399539772093e+01
2.749015427333699435e+01
2.995597082966965274e+01
3.234457781300121582e+01
2.615736776958451415e+01
3.635183329678236674e+01
3.343632127221417250e+01
3.513712311812212619e+01
2.480074692398471115e+01
2.351239396332124088e+01
4.031131747547242128e+01
1.829013822844364512e+01
3.105342674214499965e+01
3.475142284109394097e+01
3.386725628656370901e+01
3.016816338290547961e+01
3.453681182944009720e+01
2.885355757681292843e+01
3.443115999926562409e+01
4.168569943421446311e+01
2.631184775852350199e+01
3.716485222783225595e+01
2.525551797057688930e+01
3.326906966420068557e+01
3.536307532127756303e+01
3.961352544354546978e+01
2.256818959117806855e+01
3.976018899616138214e+01
3.616118626556951199e+01
3.880662539554207058e+01
3.421286785167787770e+01
3.090950964966814851e+01
2.867677884734593619e+01
2.645280072208103661e+01
3.413319011353423349e+01
2.427976999823992088e+01
2.159220512057374464e+01
1.975433358792450278e+01
3.092539599981297371e+01
3.125527953352890265e+01
4.491389074185301666e+01
2.664648822658820748e+01
9.886377396503373660e+00
2.889768215438850518e+01
3.569667048524525654e+01
2.892085268198275472e+01
2.201865017338214159e+01
3.170210842441951726e+01
3.385025409549419351e+01
2.622565838086685730e+01
2.221596911438640376e+01
3.808279415973653670e+01
2.806502536371684187e+01
4.572566230291656808e+01
3.261362079421735416e+01
2.479041291878699482e+01
1.996039391102499394e+01
3.890515135548270820e+01
3.147601511248972983e+01
3.731574249875573912e+01
2.660581196139916926e+01
1.645256620870290121e+01
1.626171493937657075e+01
3.508321001373996495e+01
2.525000962467360566e+01
4.021446990995368509e+01
3.012426384425628001e+01
3.312275322217467988e+01
3.213458250367357749e+01
4.281034855398995376e+01
1.245913507889854266e+01
2.321236603894827155e+01
3.643830870399632715e+01
1.773514178739120695e+01
2.841067120190739459e+01
3.501519010309712598e+01
2.882678796014057454e+01
2.003146731971629535e+01
2.638611600268601975e+01
3.021962365895421598e+01
1.753743355338093579e+01
3.335514836967772112e+01
3.612202075455281403e+01
3.188762282416197991e+01
2.548543937191727693e+01
1.862097551158136000e+01
2.487375253988083301e+01
2.853888326094038064e+01
2.110984039430675452e+01
4.212362671896553223e+01
2.882215881518784784e+01
2.794145205370687535e+01
3.255839538877553707e+01
2.399678232315537230e+01
2.866478738159977979e+01
2.644268805057882332e+01
2.799336629898655815e+01
4.029164131746992439e+01
3.948301708845421132e+01
3.575962073536831554e+01
2.637623977801438002e+01
3.136236955702559825e+01
4.016517259880728119e+01
3.543170166366654428e+01
2.055270759655412860e+01
3.063432696655763721e+01
3.228220749750876450e+01
3.562324140024170305e+01
3.145637512998801455e+01
4.046166612842609567e+01
3.718710703534770090e+01
3.242033765758241515e+01
2.573218927812452961e+01
3.969973752140536050e+01
2.327056503666075571e+01
3.076171296425798474e+01
2.474952315407729841e+01
3.425085451777715662e+01
2.437247467028428716e+01
2.972639851426636071e+01
2.530566787534852580e+01
3.718136215392189570e+01
3.443920521022030812e+01
4.365236285660181892e+01
4.321997839190119350e+01
2.670430385974016829e+01
3.676495750930914852e+01
3.092828570628098817e+01
3.500099569241328368e+01
3.304411310577427940e+01
2.790338143973321650e+01
2.625801844748793457e+01
3.442633821488272616e+01
2.884231577331883756e+01
3.450152598040638452e+01
2.115387729614149848e+01
3.906650541939087873e+01
2.663256071213640297e+01
3.351544966350281385e+01
3.505021293880268018e+01
3.284166720146720309e+01
4.893856045129641785e+01
3.651644897912463250e+01
2.228257364893535097e+01
3.142095949769963426e+01
3.481091312077090549e+01
3.371154790084302988e+01
2.940321164429343526e+01
2.786301610365878290e+01
3.345577999565368543e+01
4.383216480932441073e+01
2.682782747720918337e+01
2.845336530731647784e+01
3.026438902604760628e+01
3.547779849430882138e+01
3.187939449491073418e+01
2.877906999172657265e+01
2.928836634610631151e+01
3.596284480716098386e+01
1.965300371881258812e+01
3.787865066146066795e+01
3.453903964141787242e+01
3.575865943020109228e+01
2.504111671232812597e+01
3.877311705345594106e+01
4.516824343028443423e+01
2.586992836368938953e+01
2.985326772637876402e+01
3.725664514881519551e+01
3.095819476457995734e+01
4.675053787228288371e+01
3.699352268295855595e+01
2.685045633481341198e+01
3.583271407723076152e+01
2.520712662905023649e+01
2.376453209040860415e+01
2.855085001093466346e+01
4.016301724421765584e+01
3.321274944586464528e+01
2.382616052533310480e+01
3.106262205523289666e+01
3.412351237406925009e+01
3.831340022399637490e+01
3.909620670802591746e+01
3.412143709673522807e+01
3.225172049907959604e+01
3.219430536986052971e+01
3.567951969432257897e+01
3.346444702241080194e+01
3.554116826368118609e+01
2.330675509936314072e+01
3.101031679761344151e+01
3.661199196890668617e+01
2.876780898927998820e+01
3.840335857439124112e+01
3.713626863372262221e+01
4.122294999450624431e+01
3.586712652435554816e+01
2.768629461870063579e+01
2.648056408352155700e+01
2.895647813840107787e+01
2.784651759437790375e+01
3.192179106802727162e+01
1.996429066186567169e+01
2.808444988817043964e+01
3.173288345043195235e+01
2.493938260632368653e+01
2.395240210174991091e+01
3.349991608605257909e+01
2.664057931871790430e+01
3.225286487527935009e+01
3.965531159158739882e+01
3.998835756338281300e+01
3.423187255111020022e+01
3.198274241069822921e+01
3.050331884746132616e+01
3.152178950373447108e+01
4.072917556757046498e+01
3.696979519790041735e+01
2.652772904083327887e+01
2.970133215997373810e+01
3.968926240492482549e+01
4.082392876906209978e+01
3.580709843456301655e+01
2.931006621063200512e+01
4.761525730353356778e+01
2.601272969669767576e+01
3.591998299053044263e+01
1.256770519469919378e+01
3.738308716289558475e+01
2.960707101340672409e+01
3.045555493801865765e+01
2.643549724364836706e+01
2.729596706818252727e+01
2.835737992115483763e+01
3.277687076463956117e+01
2.449214936087408390e+01
3.545977026536615284e+01
2.983170705982288951e+01
9.923041354695419258e+00
2.909807393232126316e+01
4.126017000439082238e+01
3.300065614809738435e+01
2.626027296111733378e+01
2.554623035759700755e+01
3.229972835575414081e+01
2.664833059719216379e+01
3.574575039137252475e+01
3.429750824214285387e+01
1.886806300299359762e+01
3.025649842263015543e+01
2.916239168862289688e+01
2.443855669905250849e+01
1.518893057456783957e+01
2.238657756724450465e+01
2.967945294689134528e+01
3.002050025086777651e+01
3.327198031527597522e+01
2.477864076062977716e+01
3.006996916191370417e+01
3.093661117872460053e+01
3.060896689935271553e+01
2.368414691905842417e+01
3.207851032369210742e+01
3.036873238115423135e+01
2.614757546527720322e+01
3.716462330076465292e+01
2.862171936888874058e+01
2.904229736012618091e+01
2.577605432275917963e+01
2.833066933709680058e+01
3.066797822761007453e+01
2.942174150918676645e+01
3.222959139618004798e+01
2.992380524245915652e+01
3.281896203117191391e+01
3.103152083446384424e+01
3.324945836637203911e+01
3.337445827079422145e+01
2.964164350914489532e+01
2.323085782057984261e+01
3.043821898324479136e+01
3.988462067163342084e+01
2.996615219452219137e+01
3.102495949058664593e+01
2.906546398714497670e+01
3.055596545748185022e+01
2.727575311907608935e+01
3.521421811841419469e+01
3.612583165627722792e+01
2.841252131733064346e+01
4.364958194209397391e+01
3.390271381708540588e+01
3.220114133334424622e+01
3.529880526573651878e+01
3.181288139697945994e+01
2.648035433706676045e+01
3.050236896383412954e+01
3.664828110108732773e+01
3.461120224400501399e+01
2.615115732221710587e+01
2.446040921873943930e+01
3.211263275704801856e+01
3.443657688994533572e+01
2.481206518065486932e+01
2.918297958616566135e+01
2.983575065113951297e+01
2.903373902987613064e+01
3.213945390314241024e+01
2.392544364089847519e+01
2.295989993520724326e+01
2.638824845462730551e+01
3.157301711248786802e+01
2.976697542320895451e+01
2.618555454086064316e+01
2.703925897005955292e+01
2.743870920448950912e+01
3.029036326698440007e+01
2.662437052633462997e+01
2.407856376229294426e+01
3.492240140169507612e+01
2.977759168227363418e+01
1.981629755260048142e+01
3.757643886030115254e+01
3.340776067014058270e+01
2.723101419482554775e+01
3.001762384057375144e+01
2.259274494715284831e+01
2.936076741733223017e+01
1.280118546361176257e+01
2.888398366929782668e+01
3.578262324187173959e+01
2.591877937492010986e+01
3.313863376407975636e+01
2.570613857968334059e+01
3.029080206191519409e+01
2.732017331571885776e+01
2.939242554802225271e+01
2.671798143189406716e+01
2.377517707109263867e+01
1.650799753645087620e+01
3.365921407527660136e+01
2.899165340597834017e+01
2.495335768933604825e+01
2.921760179832060089e+01
2.895149802649883242e+01
2.402529910627268350e+01
2.475071335969494868e+01
2.537293627090183890e+01
3.240645208592852811e+01
1.179314328921029897e+01
2.978339388283691136e+01
3.856740950549963287e+01
3.417655182622287668e+01
1.270779323119623960e+01
2.506891064124929969e+01
2.399121289901708920e+01
2.362834925436071742e+01
2.554428484913526987e+01
3.368551633296546299e+01
2.211462019144196489e+01
1.394365599616754459e+01
2.018198778711401076e+01
1.908708959135816841e+01
2.874427609843754894e+01
2.130722432367528896e+01
2.134410859101469526e+01
3.279499820053759862e+01
2.633517448735839039e+01
2.642624476766756558e+01
2.152978520605817181e+01
2.191597358652671090e+01
1.280333896246673930e+01
2.543168638430359607e+01
3.386040119199407883e+01
3.396906283714371000e+01
2.205031210384672491e+01
2.040979003137625014e+01
4.081755456204610510e+01
1.806085971417320835e+01
2.057752612224637545e+01
1.051274106083658744e+01
1.798117825864830976e+01
3.609848027196577647e+01
2.338248257268001140e+01
6.568419008767447664e+00
2.960289766239180054e+01
2.090626525501883037e+01
2.384831624864928301e+01
2.519037624734157532e+01
3.216141512850688144e+01
4.204120635029021003e+01
3.393813320446969328e+01
2.644237135513500547e+01
2.722599029293432338e+01
2.462136079401476252e+01
2.824538422588259934e+01
2.803310779401340724e+01
2.830095671207211439e+01
2.487646480050869258e+01
1.634344106171154820e+01
3.171313851430451081e+01
5.837242201164960953e+00
3.042297746074634190e+01
2.984152222330553172e+01
3.555169304122781426e+01
2.037767802507013215e+01
2.647593308738814599e+01
2.282710841762884257e+01
2.836283495769660234e+01
2.414750669459593979e+01
1.996765134374364692e+01
2.047475820190777185e+01
3.935457235198208537e+01
2.339896766471800760e+01
2.087866978358816894e+01
3.382623675812192232e+01
2.847210546765632788e-02
3.666942600943688291e+01
2.178913503853193134e+01
1.773413276083020662e+01
3.400439456052534126e+01
2.118185809555972909e+01
3.349107745788888479e+01
5.683535593761821936e+00
3.170423693665404841e+01
3.106914907135683990e+01
3.250722126022809988e+01
2.124303821030207828e+01
2.674715045941665181e+01
2.947033122881313005e+01
2.886555473078148282e+01
1.878616525050025032e+01
3.173653786806447030e+01
3.277217876393139306e+01
3.534028620905961304e+01
1.887030792374052268e+01
3.533480837152691834e+01
3.292843622096490463e+01
2.977938845461934392e+01
2.198092846702972025e+01
2.274194331564306992e+01
2.438111875722094624e+01
1.728232002617092533e+01
3.017390819650234945e+01
2.685392958369753558e+01
3.425833511996441416e+01
2.617432213226315696e+01
3.420741281325570071e+01
2.772403332548065791e+01
3.392063906467105738e+01
2.377022556951408916e+01
2.115156936931568055e+01
3.335051731435079603e+01
3.662265019300945568e+01
3.299946212023805003e+01
2.709541321404514136e+01
3.527597044320510378e+01
3.061353310351583445e+01
3.216315465091126669e+01
3.278824615763513606e+01
3.065500267577415272e+01
3.977725227463669455e+01
2.698149287658733186e+01
3.815565495047692224e+01
2.908615316640157999e+01
2.936778258693365018e+01
3.568673712317129088e+01
3.536009220802291253e+01
3.557435991827928490e+01
9.184853568244905730e+00
2.588191227543274664e+01
3.758507155197146687e+01
1.091612063423459844e+01
2.791196445753637789e+01
3.135058029446206973e+01
3.476379780323656377e+01
3.517754368269718412e+01
2.759213244079106531e+01
2.695126713147139341e+01
3.225029380267780255e+01
2.575924870917936005e+01
3.824866487871261000e+01
2.584638980111982676e+01
3.362857445849007831e+01
3.404158024067670851e+01
3.608518986140600049e+01
2.979957952421798595e+01
2.404318624656515979e+01
2.866557317444782882e+01
2.668786814376767325e+01
2.797026821103536420e+01
1.882192415306308320e+01
3.246464530355917333e+01
3.950697333670557754e+01
2.583914943713589807e+01
2.442355341172234162e+01
3.853326043410010016e+01
1.930431744265888838e+01
2.907897952716877654e+01
3.471392821640678505e+01
2.551292804200245001e+01
2.848789787254160544e+01
2.985897063234638793e+01
1.879228014650926681e+01
3.699472040166651965e+01
3.058010108626062262e+01
2.770499795631687334e+01
3.480092626376672627e+01
3.169443323813905877e+01
3.366933435468212110e+01
2.395960621630847598e+01
2.908645627561405789e+01
3.754016111291247171e+01
2.679272078917436417e+01
2.895235837066863738e+01
3.680932241426783946e+01
2.607393832655023402e+01
2.942902377423400040e+01
1.796994025761109626e+01
2.385007862137814172e+01
1.240967379297642204e+01
3.371941373803033315e+01
3.406489181713582326e+01
1.988843912090040789e+01
4.075819021194136837e+01
2.306383321820452537e+01
