266
4000
616
14
210
4000
1
378
1260
4000
4000
266
4000
62
4000
4000
274
1
4000
446
392
258
96
4000
42
502
90
4000
4000
228
4000
450
62
188
4000
4000
378
590
4000
4000
528
320
1
142
814
4000
38
162
4000
4000
4000
1
4000
278
4000
394
1
700
1
1
1
674
72
4000
4000
286
4000
686
4000
1
402
1
308
1
1
292
4000
4000
4000
154
1532
4000
1
4000
4000
4000
1
4000
14
4000
178
4000
4000
4000
4000
1
106
358
4000
4000
4000
254
442
14
4000
4000
4000
478
72
4000
122
24
136
4000
4000
1894
122
4000
582
16
4000
4000
4000
610
4000
158
14
72
2466
4000
1
4000
1042
404
4000
1
4000
4000
4000
644
4000
4000
62
4000
4000
4000
1082
4000
4000
4000
122
4000
4000
4000
196
4000
4000
4000
232
156
868
26
4000
574
10
4000
4000
4000
4000
4000
318
4000
4000
584
4000
1570
1
4000
4000
4000
4000
102
4000
822
1910
132
4000
1766
4000
4000
4000
4000
4000
4000
4000
66
80
4000
264
134
410
48
1766
4000
4000
302
62
112
46
1
184
250
4000
194
1
278
100
4000
1658
240
1
132
1832
70
246
1
1
170
24
4000
434
198
176
240
144
1
1
180
4000
4000
72
112
1
8
418
4000
4000
4000
72
1454
1
2440
1
42
38
494
192
1
124
140
160
4000
50
28
400
232
1
4000
74
1510
4000
60
34
4000
4000
944
56
454
1386
144
172
3154
188
16
1530
28
68
1
422
62
4000
4000
4000
1
1
348
60
30
2322
360
208
4000
4000
314
1
76
210
1
4000
4000
484
136
46
62
22
286
1
58
266
4000
1
3096
46
60
372
4000
1234
268
228
32
4000
1
50
1
1
298
114
34
278
1
16
1
1
4000
50
404
306
404
4000
14
4000
1
66
726
4000
1
56
188
40
8
234
1
110
4000
42
1496
600
76
1
556
772
3004
16
100
1
1
4000
1
4000
146
512
734
156
302
260
74
4000
218
372
248
4000
1
4000
1
108
54
1
122
1
374
434
390
434
1
24
1136
102
262
678
4000
72
820
700
558
116
548
308
300
32
12
664
118
4000
1
316
98
1
458
1068
1
4000
174
368
92
270
678
126
1
254
74
1
4000
4000
592
90
1
630
16
34
82
308
72
138
1
226
376
82
404
138
248
14
30
44
4000
1572
616
170
1
630
204
16
492
1
60
16
86
198
132
72
24
28
182
1036
34
60
288
18
1
238
94
144
4000
100
4000
1
98
154
118
360
96
4000
916
4000
620
124
46
1
644
972
50
2246
122
128
182
4000
72
1042
4000
1
36
4000
4000
4000
76
1
26
4000
26
4000
4000
4000
3074
4000
382
4000
626
90
58
4000
1
1
460
200
1
32
4000
16
146
34
548
164
306
4000
230
16
928
358
144
372
798
1
4000
4000
4000
60
4000
4000
1
756
4000
60
174
126
314
124
992
124
114
4000
4000
1
84
28
1652
460
120
4000
188
744
348
944
66
1376
40
98
4000
4000
128
1
62
570
1
4000
180
12
270
168
1
342
4000
4000
4000
86
4000
100
84
4000
1750
412
144
80
100
3252
592
4000
114
404
946
86
4000
4000
1184
4000
50
194
4000
88
474
428
1
34
4000
4000
102
142
284
1882
48
528
4000
710
4000
4000
598
4000
384
4000
100
4000
146
158
4000
564
4000
1958
916
128
384
4000
4000
76
422
566
1
4000
4000
1
3516
1934
4000
34
1
126
268
1
4000
128
4000
4000
4000
4000
4000
88
372
190
1000
30
190
4000
1038
418
4000
524
4000
1
66
44
1964
56
4000
4000
4000
4000
16
4000
4000
1276
22
4000
350
4000
114
794
4000
4000
4000
4000
4000
4000
4000
4000
1158
470
2654
4000
130
4000
1506
156
4000
4000
6
314
4000
1
548
4000
4000
4000
226
1
3668
4000
572
4000
178
4000
4000
4000
1626
4000
4000
4000
114
4000
70
4000
4000
2548
4000
4000
60
162
4000
1762
4000
4000
4000
644
4000
4000
350
4000
40
28
4000
188
4000
652
4000
4000
4000
214
3300
4000
384
4000
1
4000
4000
308
1372
1352
4000
4000
1138
4000
4000
4000
4000
1
4000
4000
88
1
4000
1418
4000
280
152
4000
4000
4000
1
4000
146
4000
4000
76
48
2414
990
960
74
102
510
4000
14
396
4000
4000
100
68
46
1168
1398
4000
4000
332
4000
4000
2614
1
4000
3644
414
4000
208
4000
70
4000
4000
372
4000
4000
4000
4000
4000
406
502
708
140
450
312
524
150
4000
766
4000
4000
4000
440
556
110
4000
690
106
582
4000
4000
964
4000
1624
4000
1738
168
202
4000
600
4000
270
92
2884
1204
1
4000
4000
4000
4000
4000
4000
4000
438
648
1120
1
614
130
174
124
4000
4000
1022
4000
4000
130
710
4000
770
94
914
4000
4000
992
4000
1310
1388
4000
4000
1288
78
338
4000
660
4000
4000
4000
1060
4000
4000
4000
4000
1
1344
4000
1118
4000
2036
78
50
4000
24
62
54
186
4000
4000
4000
4000
294
4000
1188
4000
4000
56
4000
4000
266
192
4000
164
98
4000
4000
4000
4000
4000
130
4000
4000
1318
4000
102
4000
4000
4000
472
76
4000
1
