243
4003
162
2
250
4000
1
806
412
4000
4007
133
4005
2
4000
4001
227
1
4004
632
333
274
3
4001
59
671
112
4002
4000
142
4000
450
55
128
4004
4004
215
522
4006
4008
393
344
1
140
331
4003
38
178
4006
4005
4003
1
4001
123
4007
394
1
700
1
1
1
680
72
4000
4003
286
4001
4003
4006
1
643
1
338
1
1
208
4001
4004
4001
176
1532
4003
1
4007
4002
4003
1
4003
2
4005
178
4008
4001
4000
4001
1
222
525
4003
4004
4003
210
337
2
4003
4003
4002
596
116
4004
145
2
112
4003
4003
1649
127
4002
267
33
4003
4001
4000
610
4002
2
2
156
1477
4000
1
4000
1100
444
4003
1
4006
4005
4002
268
4003
4003
80
4003
4001
4000
830
4008
4007
4004
184
4000
4005
4002
185
4007
4005
4004
2
103
973
2
4005
701
2
4001
4004
4002
4002
4002
333
4001
4000
642
4007
1820
1
4001
4000
4003
4003
102
4006
330
1908
67
4006
937
4004
4005
4002
4002
4005
4002
4008
69
153
4001
2558
98
392
2
832
4005
4003
302
79
162
82
1
234
400
4006
172
1
214
62
4005
2550
240
1
117
1928
70
342
1
1
3
24
4001
266
145
155
280
165
1
1
92
4003
4007
49
84
1
2
603
4005
4005
4000
82
3602
1
2123
1
63
2
475
203
1
6
225
160
4006
82
28
226
185
1
4006
113
2231
4003
2
33
4003
4004
1089
56
297
1547
195
257
4007
193
2
1607
2
68
1
426
62
4006
4000
4001
1
1
367
86
4
1354
529
260
4004
4006
371
1
118
169
1
4007
4004
484
308
65
3
2
443
1
106
245
4006
1
4006
2
73
447
4000
1578
306
383
41
4005
1
4
1
1
157
66
2
210
1
79
1
1
4000
71
388
462
379
4008
6
4007
1
78
783
4007
1
2
300
6
2
261
1
76
4005
39
2286
600
55
1
556
353
1213
5
220
1
1
4006
1
4002
143
711
996
152
338
260
58
4002
614
1691
349
4008
1
4006
1
108
3
1
117
1
678
1636
369
595
1
24
1697
261
380
856
3291
43
1136
852
682
118
559
407
333
2
2
668
169
4003
1
295
109
1
426
274
1
4007
960
432
195
195
676
90
1
319
78
1
4006
4003
788
187
1
767
3
4
153
702
72
345
1
234
201
65
404
85
203
33
39
2
4003
1157
798
217
1
619
274
2
593
1
53
75
96
329
91
80
64
2
182
1628
34
85
165
2
1
198
89
380
4006
100
4004
1
135
74
224
199
217
4000
1008
4004
459
115
21
1
1079
607
78
2428
122
97
172
4005
90
1042
4002
1
39
4004
4000
4004
113
1
2
3234
26
4001
4008
4000
4006
4003
482
4002
707
171
76
4002
1
1
459
304
1
6
4007
2
231
2
693
217
286
4000
213
3
923
431
3
252
618
1
4005
4008
4006
50
4003
4001
1
756
4003
71
183
229
314
140
1468
97
274
4006
4005
1
84
2
1652
338
164
4007
147
956
356
321
66
1376
3
109
4004
4000
196
1
66
489
1
4005
152
3
100
209
1
269
4000
4000
4005
4
4001
100
135
4001
1750
495
145
69
138
3279
885
4007
141
280
504
2
4005
4007
815
4005
3
108
4008
4
376
442
1
6
4001
4004
144
359
226
1882
2
505
4005
3207
4005
4007
342
4001
235
4005
133
4006
278
158
4006
560
4008
1958
618
254
233
4006
4004
82
265
519
1
4005
4006
1
1555
3276
4004
2
1
148
309
1
4003
144
4004
4000
4005
4001
4007
88
205
224
376
60
104
4006
744
219
4005
481
4008
1
99
5
611
2
4006
4002
4001
4007
16
4004
4004
1818
47
4008
409
4004
128
409
4005
4006
4008
4000
4004
4006
4001
4007
1158
411
4006
4001
152
4000
1636
233
4003
4006
3
447
4004
1
911
4003
4003
4006
199
1
3795
4005
435
4001
183
4006
4002
4001
2259
4003
4007
4001
137
4007
99
4000
4003
2340
4008
4000
120
162
4007
1346
4003
4008
4001
888
4000
4004
537
4008
2
28
4004
188
4006
1570
4004
3259
4008
214
720
4005
401
4004
1
4003
4005
881
1956
1523
1998
4003
556
4000
4006
4001
4007
1
4006
4003
88
1
4006
4005
4001
337
240
4003
4006
4000
1
4002
242
4006
4006
2
2
2414
1841
1865
124
140
816
4006
4
396
4003
4000
82
46
49
933
492
4005
4006
403
4003
4007
4004
1
4001
3345
108
4003
1754
4007
82
4000
4003
267
4008
4000
4002
4005
4008
406
599
708
122
243
534
544
222
4007
766
4003
4006
1223
584
491
30
4007
726
81
569
4000
4007
982
4005
1741
4005
1971
290
267
4007
600
4007
190
122
4003
1204
1
4004
4000
4006
4003
4006
4002
4002
569
693
971
1
859
136
205
113
4002
4003
950
4007
4001
155
4007
4000
553
57
578
4001
4003
4005
4007
1310
2319
4008
4002
1612
47
394
4004
806
3824
4007
4001
4003
4006
4003
4001
4002
1
1637
4000
1118
4002
885
2
50
4002
51
152
38
142
4001
4003
4005
4006
240
4005
1670
4005
4006
83
4005
4005
415
84
4007
212
106
4001
4005
4008
4002
4004
214
4005
4007
1318
4007
102
4007
4004
4005
531
227
4001
1
