9.512992858886718750e+00
7.813222885131835938e+00
5.426918506622314453e+00
1.272690486907958984e+01
7.778845787048339844e+00
3.776695489883422852e+00
1.031860160827636719e+01
1.059128379821777344e+01
3.094560146331787109e+00
3.477099180221557617e+00
1.005969142913818359e+01
6.757324218750000000e+00
3.123828411102294922e+00
7.265793800354003906e+00
1.088563156127929688e+01
8.776128768920898438e+00
1.038165473937988281e+01
1.190581893920898438e+01
8.198080062866210938e+00
5.829964160919189453e+00
9.141674041748046875e+00
1.200813674926757812e+01
9.810979843139648438e+00
1.145722675323486328e+01
6.754436969757080078e+00
6.700189590454101562e+00
1.128435325622558594e+01
1.166309165954589844e+01
1.132902908325195312e+01
9.362794876098632812e+00
1.482524013519287109e+01
6.006824970245361328e+00
5.295518875122070312e+00
7.043658733367919922e+00
8.751355171203613281e+00
9.791866302490234375e+00
1.208360195159912109e+01
1.378133201599121094e+01
5.582801342010498047e+00
1.329820919036865234e+01
9.134700775146484375e+00
9.346262931823730469e+00
1.206517219543457031e+01
1.141139698028564453e+01
1.439377784729003906e+01
8.702208518981933594e+00
1.045994949340820312e+01
1.015789794921875000e+01
9.349279403686523438e+00
9.959535598754882812e+00
1.231355381011962891e+01
4.996158123016357422e+00
7.617141723632812500e+00
8.370603561401367188e+00
8.942464828491210938e+00
1.182262992858886719e+01
9.958614349365234375e+00
7.995983600616455078e+00
9.215448379516601562e+00
1.180827713012695312e+01
1.179690361022949219e+01
8.640800476074218750e+00
7.836899280548095703e+00
9.972635269165039062e+00
1.031765365600585938e+01
5.157056331634521484e+00
1.652309417724609375e+01
1.079546451568603516e+01
1.055377483367919922e+01
7.824569702148437500e+00
0.000000000000000000e+00
1.399583435058593750e+01
9.864742279052734375e+00
1.206222820281982422e+01
1.078729724884033203e+01
1.314088153839111328e+01
1.380151748657226562e+01
4.777302265167236328e+00
9.432911872863769531e+00
8.559721946716308594e+00
1.066361999511718750e+01
1.332319164276123047e+01
1.291051959991455078e+01
1.147159004211425781e+01
7.440217971801757812e+00
6.705554962158203125e+00
1.063386344909667969e+01
1.076970672607421875e+01
3.699341297149658203e+00
1.149570274353027344e+01
1.064137363433837891e+01
1.328019142150878906e+01
1.455704498291015625e+01
1.101908683776855469e+01
1.310073947906494141e+01
1.034493923187255859e+01
1.197228527069091797e+01
2.762011528015136719e+00
1.392946147918701172e+01
9.938492774963378906e-01
8.530994415283203125e+00
2.590699195861816406e+00
2.226575613021850586e+00
4.060758948326110840e-01
7.721999645233154297e+00
9.188183784484863281e+00
8.084439277648925781e+00
5.941198348999023438e+00
8.092275619506835938e+00
8.223582267761230469e+00
5.808128833770751953e+00
7.386182785034179688e+00
5.470015525817871094e+00
9.680096626281738281e+00
6.394925117492675781e+00
7.912286758422851562e+00
7.318490982055664062e+00
5.416194915771484375e+00
8.192971229553222656e+00
7.641838073730468750e+00
7.845002651214599609e+00
8.205275535583496094e+00
7.031497001647949219e+00
9.048486709594726562e+00
6.758027076721191406e+00
5.331171989440917969e+00
6.511865615844726562e+00
5.363794803619384766e+00
5.879549503326416016e+00
9.260351181030273438e+00
7.696263313293457031e+00
5.493076324462890625e+00
5.542830467224121094e+00
7.980371475219726562e+00
5.057689666748046875e+00
1.013842391967773438e+01
7.379769325256347656e+00
8.981055259704589844e+00
5.869541168212890625e+00
6.692328929901123047e+00
7.117375373840332031e+00
5.173606872558593750e+00
7.117785930633544922e+00
5.408421516418457031e+00
6.920604705810546875e+00
6.593749523162841797e+00
9.251890182495117188e+00
9.696709632873535156e+00
8.568964004516601562e+00
6.056118965148925781e+00
5.761138916015625000e+00
8.655525207519531250e+00
4.938953399658203125e+00
7.548195838928222656e+00
6.557848930358886719e+00
3.246806621551513672e+00
6.808843612670898438e+00
5.793030738830566406e+00
8.309495925903320312e+00
1.558149576187133789e+00
7.294458866119384766e+00
6.507948398590087891e+00
6.846158981323242188e+00
7.291817188262939453e+00
7.437668800354003906e+00
7.150138378143310547e+00
7.506567955017089844e+00
7.011922359466552734e+00
8.775636672973632812e+00
5.290082931518554688e+00
8.113939285278320312e+00
8.866917610168457031e+00
3.947437047958374023e+00
9.391607284545898438e+00
5.830085754394531250e+00
7.123559474945068359e+00
6.160655498504638672e+00
4.048029899597167969e+00
7.039945602416992188e+00
7.866847515106201172e+00
6.430829524993896484e+00
8.084602355957031250e+00
1.043370819091796875e+01
4.707991123199462891e+00
7.357131481170654297e+00
8.936985015869140625e+00
9.478260040283203125e+00
5.864772796630859375e+00
6.259998321533203125e+00
9.059684753417968750e+00
1.017041683197021484e+01
8.773983001708984375e+00
9.117136001586914062e+00
4.949100017547607422e+00
7.817222595214843750e+00
6.274179458618164062e+00
6.474087715148925781e+00
6.391013145446777344e+00
2.865350008010864258e+00
5.228271007537841797e+00
4.301294326782226562e+00
6.645152568817138672e+00
5.353219509124755859e+00
8.021353721618652344e+00
9.171801567077636719e+00
2.445467114448547363e-01
9.705930709838867188e+00
7.945823073387145996e-01
1.217546749114990234e+01
1.142742347717285156e+01
7.471361160278320312e+00
3.278695344924926758e+00
6.156657695770263672e+00
1.183588027954101562e+01
7.940567016601562500e+00
1.242048072814941406e+01
2.362414360046386719e+00
5.975899696350097656e+00
8.839092254638671875e+00
5.970692157745361328e+00
7.791672706604003906e+00
1.095036315917968750e+01
9.419404983520507812e+00
8.176197052001953125e+00
5.785912990570068359e+00
5.612322330474853516e+00
7.815592765808105469e+00
8.072215080261230469e+00
4.929317474365234375e+00
3.613999605178833008e+00
5.732808589935302734e+00
4.578946113586425781e+00
5.586308479309082031e+00
5.472789764404296875e+00
1.106943130493164062e+01
3.437760114669799805e+00
1.098276138305664062e+01
8.656707763671875000e+00
3.085269927978515625e-01
1.097223377227783203e+01
6.264413833618164062e+00
5.284072875976562500e+00
3.835103034973144531e+00
1.433648586273193359e+01
1.405166912078857422e+01
3.853635072708129883e+00
1.063990974426269531e+01
1.234143543243408203e+01
5.887762069702148438e+00
5.885407447814941406e+00
9.315835952758789062e+00
3.505793571472167969e+00
4.779109001159667969e+00
7.185465335845947266e+00
1.010258293151855469e+01
9.626347541809082031e+00
3.273061752319335938e+00
3.043100357055664062e+00
3.055152654647827148e+00
0.000000000000000000e+00
1.155159568786621094e+01
1.103843498229980469e+01
1.396831512451171875e+01
1.079423713684082031e+01
8.386293411254882812e+00
7.487938404083251953e+00
1.430016326904296875e+01
1.135969734191894531e+01
1.117750835418701172e+01
1.107002162933349609e+01
1.384176731109619141e+00
0.000000000000000000e+00
5.745797157287597656e+00
8.173604965209960938e+00
1.068839359283447266e+01
1.256742095947265625e+01
7.173736572265625000e+00
5.852746486663818359e+00
8.017581939697265625e+00
9.096202850341796875e+00
9.348899841308593750e+00
2.894155740737915039e+00
1.055078887939453125e+01
4.971370697021484375e+00
1.423382854461669922e+01
4.831003189086914062e+00
9.321639060974121094e+00
1.281137943267822266e+01
7.350797176361083984e+00
1.096674823760986328e+01
3.507711410522460938e+00
7.913181781768798828e+00
8.391685485839843750e+00
6.006676673889160156e+00
6.216307640075683594e+00
1.024572181701660156e+01
6.647950649261474609e+00
7.892565250396728516e+00
7.022986412048339844e+00
3.624040365219116211e+00
1.195989418029785156e+01
8.832883834838867188e+00
5.667374610900878906e+00
4.915159702301025391e+00
6.482252120971679688e+00
7.991531372070312500e+00
5.654291629791259766e+00
1.155631637573242188e+01
4.104681968688964844e+00
9.345933914184570312e+00
1.019812583923339844e+01
1.993588566780090332e+00
0.000000000000000000e+00
1.071531200408935547e+01
2.188969612121582031e+00
3.738006114959716797e+00
9.624427795410156250e+00
1.008723163604736328e+01
1.233801269531250000e+01
3.970829963684082031e+00
9.715280532836914062e+00
2.627665758132934570e+00
0.000000000000000000e+00
0.000000000000000000e+00
8.560072898864746094e+00
1.293357944488525391e+01
1.198228836059570312e+01
1.183830070495605469e+01
5.351141929626464844e+00
8.569034576416015625e+00
6.232944488525390625e+00
1.004335975646972656e+01
9.134681701660156250e+00
8.792950630187988281e+00
2.626472949981689453e+00
1.212095260620117188e+01
3.810597896575927734e+00
8.556010246276855469e+00
4.373244285583496094e+00
1.272939109802246094e+01
1.394474983215332031e+01
2.807965278625488281e+00
9.009452819824218750e+00
4.972658634185791016e+00
1.018164157867431641e+01
1.134926128387451172e+01
7.738830566406250000e+00
1.178398418426513672e+01
9.628936767578125000e+00
3.387198925018310547e+00
1.190551757812500000e+01
1.129941654205322266e+01
8.843419075012207031e+00
4.876515865325927734e+00
1.056596469879150391e+01
1.656296920776367188e+01
9.720573425292968750e+00
8.619230270385742188e+00
4.006274223327636719e+00
3.129901409149169922e+00
1.877531409263610840e-01
8.945759773254394531e+00
1.040793132781982422e+01
6.389470577239990234e+00
6.294539928436279297e+00
8.871561288833618164e-02
0.000000000000000000e+00
6.187960147857666016e+00
2.050609350204467773e+00
9.195574760437011719e+00
7.128567695617675781e+00
1.207019519805908203e+01
1.258196830749511719e+00
1.525665664672851562e+01
1.378672719001770020e+00
6.150187492370605469e+00
1.007356834411621094e+01
1.019294929504394531e+01
1.143119049072265625e+01
7.271269798278808594e+00
3.702528476715087891e-01
1.084405612945556641e+01
1.098007678985595703e+01
1.443110084533691406e+01
3.562841415405273438e+00
7.201340198516845703e+00
2.086957931518554688e+00
5.226850986480712891e+00
0.000000000000000000e+00
1.304037094116210938e+01
7.144100666046142578e+00
1.617043137550354004e+00
3.921196460723876953e+00
2.272293090820312500e+00
6.119754314422607422e+00
3.799618959426879883e+00
7.083275794982910156e+00
2.220935344696044922e+00
7.975997924804687500e+00
3.581925868988037109e+00
9.123565673828125000e+00
5.446084976196289062e+00
2.909060120582580566e-01
1.255951881408691406e+01
1.048141479492187500e+01
4.021641731262207031e+00
8.312732696533203125e+00
8.720072746276855469e+00
8.412106513977050781e+00
1.448833847045898438e+01
1.613756299018859863e+00
7.674960613250732422e+00
9.116261482238769531e+00
1.162298679351806641e+01
0.000000000000000000e+00
8.821659088134765625e+00
1.336000061035156250e+01
7.671234130859375000e+00
8.424784660339355469e+00
1.168849849700927734e+01
1.421468353271484375e+01
7.789938926696777344e+00
6.212083816528320312e+00
1.093693447113037109e+01
8.590028762817382812e+00
4.161265850067138672e+00
7.290623188018798828e+00
1.123813247680664062e+01
7.406952857971191406e+00
9.856380462646484375e+00
9.927275657653808594e+00
4.111744403839111328e+00
8.393187522888183594e+00
4.013689517974853516e+00
2.460298538208007812e+00
9.639717102050781250e+00
7.961117744445800781e+00
5.791638374328613281e+00
0.000000000000000000e+00
0.000000000000000000e+00
2.697318792343139648e+00
1.559298515319824219e+01
2.133590936660766602e+00
6.312623500823974609e+00
8.617588043212890625e+00
2.710272789001464844e+00
5.167867660522460938e+00
3.152764797210693359e+00
0.000000000000000000e+00
7.988592624664306641e+00
2.933536291122436523e+00
1.131807899475097656e+01
1.374159431457519531e+01
1.190475749969482422e+01
9.909740447998046875e+00
5.012856006622314453e+00
4.108406066894531250e+00
1.005839347839355469e+01
9.616123199462890625e+00
1.606970429420471191e+00
0.000000000000000000e+00
0.000000000000000000e+00
1.002989482879638672e+01
8.502753257751464844e+00
4.182464599609375000e+00
2.842866897583007812e+00
2.634775161743164062e+00
4.181466102600097656e+00
0.000000000000000000e+00
1.260009193420410156e+01
6.656227588653564453e+00
8.998451232910156250e+00
5.703719615936279297e+00
1.222211456298828125e+01
5.507908344268798828e+00
2.824736118316650391e+00
9.779519081115722656e+00
8.675682067871093750e+00
9.627020835876464844e+00
9.703269958496093750e+00
1.170492172241210938e+00
3.958128929138183594e+00
7.773173332214355469e+00
1.189353704452514648e+00
2.897767782211303711e+00
0.000000000000000000e+00
1.045317840576171875e+01
4.030251979827880859e+00
1.969603896141052246e+00
4.510442733764648438e+00
1.099892616271972656e+01
5.021547317504882812e+00
9.596125602722167969e+00
1.549357652664184570e+00
8.400277137756347656e+00
3.744357109069824219e+00
1.275048828125000000e+01
3.142972946166992188e+00
3.544015645980834961e+00
8.130749702453613281e+00
9.190182685852050781e+00
3.466197490692138672e+00
1.114641308784484863e+00
0.000000000000000000e+00
9.530492782592773438e+00
9.042472839355468750e+00
8.189337730407714844e+00
5.514913797378540039e-01
2.692899227142333984e+00
0.000000000000000000e+00
1.090512180328369141e+01
6.272470474243164062e+00
5.786994934082031250e+00
8.020977973937988281e+00
1.351678180694580078e+01
3.607843160629272461e+00
3.065731525421142578e+00
7.831382751464843750e+00
1.091466617584228516e+01
9.120911598205566406e+00
1.150084495544433594e+01
8.382832527160644531e+00
8.966571807861328125e+00
1.012355518341064453e+01
9.687505722045898438e+00
5.561763286590576172e+00
0.000000000000000000e+00
1.215964889526367188e+01
1.229675674438476562e+01
1.198926162719726562e+01
0.000000000000000000e+00
7.691709995269775391e+00
7.943250656127929688e+00
8.400869369506835938e+00
1.224207305908203125e+01
8.361454963684082031e+00
2.601097822189331055e+00
7.015857696533203125e+00
3.117207527160644531e+00
1.148083972930908203e+01
1.064762973785400391e+01
5.567959308624267578e+00
0.000000000000000000e+00
3.329216003417968750e+00
1.000793170928955078e+01
6.780900001525878906e+00
2.567986249923706055e+00
7.277891635894775391e+00
1.006850814819335938e+01
5.612227439880371094e+00
9.984245300292968750e+00
5.233161926269531250e+00
9.277632713317871094e+00
8.746084213256835938e+00
3.360147953033447266e+00
1.003315448760986328e+01
9.232205390930175781e+00
8.524297714233398438e+00
3.015936136245727539e+00
8.262826919555664062e+00
1.257954597473144531e+00
1.019419288635253906e+01
1.140611171722412109e+00
3.917547464370727539e+00
4.179488658905029297e+00
1.032277488708496094e+01
1.356590557098388672e+01
1.077700614929199219e+01
4.440193176269531250e+00
1.114861679077148438e+01
8.086563110351562500e+00
4.096707344055175781e+00
4.020027160644531250e+00
6.709709644317626953e+00
1.630903840065002441e+00
3.802128791809082031e+00
5.678869247436523438e+00
5.524928092956542969e+00
9.282028198242187500e+00
2.476397991180419922e+00
6.946771144866943359e+00
1.179671669006347656e+01
8.039942741394042969e+00
1.055937671661376953e+01
8.869300842285156250e+00
1.277191352844238281e+01
1.207885932922363281e+01
2.469226121902465820e+00
7.271145820617675781e+00
1.037058448791503906e+01
6.812184333801269531e+00
6.470392227172851562e+00
7.854816436767578125e+00
9.388509392738342285e-01
1.184038448333740234e+01
6.537569046020507812e+00
1.644226193428039551e+00
6.389794349670410156e+00
9.257417678833007812e+00
6.734469532966613770e-01
1.615517807006835938e+01
1.260913372039794922e+01
9.454687118530273438e+00
3.731699228286743164e+00
5.354152679443359375e+00
8.814450263977050781e+00
1.051508140563964844e+01
9.863844871520996094e+00
8.956138610839843750e+00
5.374985694885253906e+00
1.141393566131591797e+01
1.277433967590332031e+01
1.482763957977294922e+01
1.449587440490722656e+01
1.348120498657226562e+01
1.894275474548339844e+01
1.104817008972167969e+01
1.174083232879638672e+01
1.012438392639160156e+01
1.040826797485351562e+01
1.397753238677978516e+01
1.454370403289794922e+01
2.020266914367675781e+01
3.301509141921997070e+00
1.085453510284423828e+01
1.142887592315673828e+01
9.317706108093261719e+00
5.975015640258789062e+00
4.403665542602539062e+00
6.616855621337890625e+00
1.032315254211425781e+01
9.382694244384765625e+00
1.142356872558593750e+01
6.240981101989746094e+00
8.755889892578125000e+00
1.146947097778320312e+01
6.209540843963623047e+00
7.187241077423095703e+00
1.049912643432617188e+01
6.182838678359985352e-01
6.674337863922119141e+00
1.341297721862792969e+01
6.277561664581298828e+00
1.750633430480957031e+01
1.473601055145263672e+01
1.138614845275878906e+01
1.362841606140136719e+01
1.401395893096923828e+01
1.025640869140625000e+01
1.119085597991943359e+01
1.223814964294433594e+01
7.207993984222412109e+00
6.468903064727783203e+00
9.403206825256347656e+00
2.380925655364990234e+00
1.219126701354980469e+01
6.690962314605712891e+00
6.392026424407958984e+00
6.399600028991699219e+00
6.695180892944335938e+00
1.658657073974609375e+01
1.794733428955078125e+01
1.013482856750488281e+01
9.045186042785644531e+00
1.431402969360351562e+01
1.614245986938476562e+01
3.629126548767089844e+00
5.777919292449951172e+00
1.165126705169677734e+01
5.463767051696777344e+00
0.000000000000000000e+00
1.138968849182128906e+01
2.579112052917480469e+00
1.151006984710693359e+01
1.342490386962890625e+01
1.189880657196044922e+01
1.321168327331542969e+01
7.477175712585449219e+00
3.784330368041992188e+00
1.578603744506835938e+01
1.426891708374023438e+01
1.073886108398437500e+01
3.370807886123657227e+00
1.176948833465576172e+01
6.859420299530029297e+00
9.181383132934570312e+00
5.017856597900390625e+00
1.246237754821777344e+01
6.839116096496582031e+00
7.082856178283691406e+00
5.185239791870117188e+00
8.960158348083496094e+00
1.093940162658691406e+01
8.193956375122070312e+00
4.867753982543945312e+00
7.683949470520019531e+00
9.187557220458984375e+00
9.397049903869628906e+00
1.639402770996093750e+01
6.812653541564941406e+00
7.481700897216796875e+00
1.285963249206542969e+01
6.469185352325439453e+00
3.570383548736572266e+00
8.978794097900390625e+00
1.141311645507812500e+01
7.674935340881347656e+00
9.158044815063476562e+00
8.588759422302246094e+00
5.487133979797363281e+00
5.804313659667968750e+00
1.029431533813476562e+01
1.777991533279418945e+00
4.294122695922851562e+00
6.337612152099609375e+00
8.779613494873046875e+00
6.742969512939453125e+00
0.000000000000000000e+00
8.401131629943847656e+00
6.651898384094238281e+00
3.045706272125244141e+00
9.117009162902832031e+00
7.746714115142822266e+00
6.738244056701660156e+00
8.892332077026367188e+00
4.102460384368896484e+00
6.832089424133300781e+00
1.081117439270019531e+01
2.891533136367797852e+00
5.006378173828125000e+00
0.000000000000000000e+00
2.332196235656738281e+00
6.957390785217285156e+00
6.690166950225830078e+00
1.183404254913330078e+01
1.388482570648193359e+01
8.540052413940429688e+00
7.188283920288085938e+00
8.165920257568359375e+00
5.546557307243347168e-01
8.387693405151367188e+00
8.725765228271484375e+00
4.313365459442138672e+00
2.996308565139770508e+00
5.708958625793457031e+00
5.587922096252441406e+00
1.037700653076171875e+01
4.901345729827880859e+00
8.097971916198730469e+00
1.097840213775634766e+01
8.822003364562988281e+00
3.530324935913085938e+00
7.942242622375488281e+00
1.159288024902343750e+01
2.026137828826904297e+00
8.689019203186035156e+00
1.199907970428466797e+01
7.443314552307128906e+00
8.917190551757812500e+00
1.119959354400634766e+01
9.028226852416992188e+00
2.822084665298461914e+00
0.000000000000000000e+00
4.685592174530029297e+00
8.001006126403808594e+00
8.549390792846679688e+00
5.397131919860839844e+00
8.357074737548828125e+00
1.086693668365478516e+01
6.689813613891601562e+00
1.022779178619384766e+01
8.007855415344238281e+00
9.232618331909179688e+00
8.802830696105957031e+00
7.372388839721679688e+00
4.747088432312011719e+00
7.415214061737060547e+00
0.000000000000000000e+00
3.025624752044677734e+00
1.151943683624267578e+01
6.901519775390625000e+00
9.743779182434082031e+00
5.613973617553710938e+00
5.139575958251953125e+00
6.318527698516845703e+00
5.309412956237792969e+00
2.056304216384887695e+00
7.802924633026123047e+00
6.611064910888671875e+00
7.459076404571533203e+00
4.363025665283203125e+00
4.758496761322021484e+00
1.884793877601623535e+00
4.828775405883789062e+00
9.094504356384277344e+00
4.864608764648437500e+00
5.315105915069580078e+00
4.064161300659179688e+00
8.379514694213867188e+00
5.458414554595947266e+00
3.405534029006958008e-01
6.001872539520263672e+00
6.477140784263610840e-01
3.460518360137939453e+00
6.388786315917968750e+00
3.944936275482177734e+00
4.147004127502441406e+00
1.147252798080444336e+00
1.036943149566650391e+01
7.080907821655273438e+00
5.880349159240722656e+00
4.397244930267333984e+00
5.981288433074951172e+00
6.876715183258056641e+00
1.005985641479492188e+01
7.148423671722412109e+00
6.468328475952148438e+00
7.840228557586669922e+00
7.791362762451171875e+00
0.000000000000000000e+00
6.915028095245361328e+00
9.251712799072265625e+00
3.621248006820678711e+00
9.158514976501464844e+00
1.875769257545471191e+00
4.752629756927490234e+00
4.308674812316894531e+00
5.384291648864746094e+00
6.199575424194335938e+00
5.380517244338989258e-01
7.034366607666015625e+00
5.462271213531494141e+00
5.831309795379638672e+00
9.009645462036132812e+00
8.567683219909667969e+00
3.716392278671264648e+00
3.939412593841552734e+00
4.434336185455322266e+00
5.260913372039794922e+00
8.692375183105468750e+00
3.047724246978759766e+00
3.193396091461181641e+00
1.422341442108154297e+01
5.097066879272460938e+00
7.537789344787597656e-01
9.480147361755371094e+00
4.426487445831298828e+00
7.089871406555175781e+00
6.338443756103515625e+00
9.280409812927246094e+00
4.357596397399902344e+00
6.924704551696777344e+00
8.727661132812500000e+00
1.215380191802978516e+00
8.122888565063476562e+00
3.601019382476806641e+00
8.373263359069824219e+00
6.280103683471679688e+00
3.658245563507080078e+00
6.404271125793457031e+00
6.264636993408203125e+00
4.776167869567871094e+00
0.000000000000000000e+00
2.816420793533325195e-02
8.322366714477539062e+00
5.614809036254882812e+00
4.379755020141601562e+00
1.400704193115234375e+01
5.881363868713378906e+00
9.744032859802246094e+00
6.854703426361083984e+00
3.523375034332275391e+00
8.359300613403320312e+00
3.326290130615234375e+00
4.495327949523925781e+00
2.297374725341796875e+00
9.058747291564941406e+00
6.576205253601074219e+00
6.736510276794433594e+00
2.257956743240356445e+00
4.566890716552734375e+00
7.179249763488769531e+00
7.445421695709228516e+00
9.337424635887145996e-01
5.522812366485595703e+00
9.702699661254882812e+00
1.084595012664794922e+01
6.991539955139160156e+00
2.256717681884765625e+00
4.811727523803710938e+00
9.816602706909179688e+00
9.390478134155273438e-01
5.734763145446777344e+00
6.750677585601806641e+00
6.717664241790771484e+00
5.351532459259033203e+00
6.903007030487060547e+00
9.045475006103515625e+00
2.354721069335937500e+00
6.229348182678222656e+00
3.224997043609619141e+00
5.531188488006591797e+00
2.571318149566650391e-01
1.118381595611572266e+01
4.021873950958251953e+00
3.204493999481201172e+00
4.023002624511718750e+00
1.201689243316650391e+00
2.585714101791381836e+00
5.088805198669433594e+00
3.594631195068359375e+00
6.194152832031250000e+00
4.666687011718750000e+00
4.421706199645996094e+00
4.215955734252929688e+00
4.601933956146240234e+00
5.906296730041503906e+00
6.777374267578125000e+00
2.959960222244262695e+00
4.246627330780029297e+00
5.264000415802001953e+00
4.252525329589843750e+00
4.559971809387207031e+00
3.439421415328979492e+00
5.733250617980957031e+00
6.760821342468261719e-01
8.065537452697753906e+00
3.365756511688232422e+00
5.871358394622802734e+00
6.165636181831359863e-01
6.981710791587829590e-01
1.024892926216125488e-01
1.360126018524169922e+00
3.610726833343505859e+00
5.457479476928710938e+00
7.317045688629150391e+00
7.372325897216796875e+00
2.279509067535400391e+00
4.896337985992431641e-01
3.804608106613159180e+00
3.860151767730712891e+00
3.693484306335449219e+00
8.486092090606689453e-01
8.034710884094238281e+00
5.773066043853759766e+00
4.835390090942382812e+00
9.303138732910156250e+00
5.298387527465820312e+00
3.833495616912841797e+00
5.656669616699218750e+00
4.029880046844482422e+00
5.889822959899902344e+00
2.512523174285888672e+00
4.197922706604003906e+00
2.319204330444335938e+00
5.889970302581787109e+00
6.521935462951660156e+00
2.946753025054931641e+00
5.359958648681640625e+00
1.268741250038146973e+00
4.026115417480468750e+00
1.439680099487304688e+00
7.815653800964355469e+00
3.302180290222167969e+00
5.622957706451416016e+00
2.484608650207519531e+00
3.471214771270751953e+00
7.212946891784667969e+00
4.741222858428955078e+00
5.591900825500488281e+00
5.122744083404541016e+00
1.583456039428710938e+00
1.452089548110961914e+00
2.602165937423706055e+00
3.299391269683837891e+00
1.114805340766906738e+00
7.177591323852539062e+00
3.723885059356689453e+00
3.437387228012084961e+00
5.845699310302734375e+00
5.996425151824951172e+00
5.353476524353027344e+00
4.329915046691894531e+00
4.387135505676269531e+00
4.098204135894775391e+00
4.588702201843261719e+00
1.485758900642395020e+00
3.600322246551513672e+00
5.813665866851806641e+00
4.723046779632568359e+00
1.783780574798583984e+00
4.228625774383544922e+00
1.268589973449707031e+00
4.683893203735351562e+00
0.000000000000000000e+00
3.120365142822265625e+00
4.263773918151855469e+00
5.637026786804199219e+00
4.629331111907958984e+00
6.069215297698974609e+00
