1.073638534545898438e+01
1.118756484985351562e+01
5.703133583068847656e+00
1.473196601867675781e+01
1.161074066162109375e+01
7.128365039825439453e+00
1.307306480407714844e+01
1.373744392395019531e+01
5.814560413360595703e+00
6.783689498901367188e+00
1.026037216186523438e+01
9.455780029296875000e+00
7.286662578582763672e+00
1.000769424438476562e+01
1.257262325286865234e+01
1.051020717620849609e+01
1.143676662445068359e+01
1.149609756469726562e+01
1.012820053100585938e+01
7.939263343811035156e+00
1.168978881835937500e+01
1.337689876556396484e+01
1.194153213500976562e+01
1.374111175537109375e+01
1.145626354217529297e+01
7.598234176635742188e+00
1.236170768737792969e+01
1.325577449798583984e+01
1.087130069732666016e+01
1.034765720367431641e+01
1.558141040802001953e+01
8.386293411254882812e+00
8.863281250000000000e+00
1.223838806152343750e+01
1.097488403320312500e+01
1.042463684082031250e+01
1.373025035858154297e+01
1.264584636688232422e+01
6.755356311798095703e+00
1.550251674652099609e+01
1.177274131774902344e+01
1.063567638397216797e+01
1.286920452117919922e+01
1.279311180114746094e+01
1.558782386779785156e+01
1.137568664550781250e+01
1.371980094909667969e+01
1.145111751556396484e+01
9.919959068298339844e+00
1.110779285430908203e+01
1.345636749267578125e+01
6.443494319915771484e+00
1.042342281341552734e+01
1.148176860809326172e+01
1.002020645141601562e+01
1.302241516113281250e+01
1.152964973449707031e+01
8.584192276000976562e+00
1.214583206176757812e+01
1.132083892822265625e+01
1.500864696502685547e+01
8.440967559814453125e+00
1.020909786224365234e+01
1.096554565429687500e+01
1.069535064697265625e+01
1.014285755157470703e+01
1.871380996704101562e+01
1.286721515655517578e+01
1.172143077850341797e+01
9.306709289550781250e+00
4.513736724853515625e+00
1.615032005310058594e+01
1.092132949829101562e+01
1.349687767028808594e+01
1.246058082580566406e+01
1.424591255187988281e+01
1.678596115112304688e+01
9.230160713195800781e+00
1.265560054779052734e+01
1.044561958312988281e+01
1.301681327819824219e+01
1.351609706878662109e+01
1.349520969390869141e+01
1.283843421936035156e+01
8.104857444763183594e+00
9.104892730712890625e+00
1.187600612640380859e+01
1.216073131561279297e+01
5.702311992645263672e+00
1.338137149810791016e+01
1.311022377014160156e+01
1.335104465484619141e+01
1.415630340576171875e+01
9.985705375671386719e+00
1.309888076782226562e+01
1.243869590759277344e+01
1.245818138122558594e+01
8.559654235839843750e+00
1.493639278411865234e+01
5.782472610473632812e+00
9.075315475463867188e+00
4.778497695922851562e+00
6.684656620025634766e+00
2.818009853363037109e+00
7.884660243988037109e+00
8.934188842773437500e+00
8.327790260314941406e+00
4.820728778839111328e+00
6.926136970520019531e+00
1.139814186096191406e+01
6.440383434295654297e+00
6.997017383575439453e+00
7.870927810668945312e+00
1.009162044525146484e+01
6.144348621368408203e+00
9.106514930725097656e+00
8.893334388732910156e+00
8.320002555847167969e+00
8.869583129882812500e+00
8.470441818237304688e+00
8.249668121337890625e+00
9.935585975646972656e+00
8.823202133178710938e+00
1.088208389282226562e+01
7.434109687805175781e+00
7.623678207397460938e+00
9.575865745544433594e+00
8.781414031982421875e+00
6.216259956359863281e+00
8.576948165893554688e+00
1.007615852355957031e+01
6.706703662872314453e+00
7.754436969757080078e+00
9.165189743041992188e+00
5.338331222534179688e+00
1.133880424499511719e+01
7.941379070281982422e+00
8.579481124877929688e+00
5.452584743499755859e+00
6.734748363494873047e+00
8.254429817199707031e+00
7.196365833282470703e+00
7.949717044830322266e+00
7.222084999084472656e+00
9.608957290649414062e+00
8.625576019287109375e+00
9.619201660156250000e+00
1.061552238464355469e+01
8.748097419738769531e+00
7.941691875457763672e+00
7.192821502685546875e+00
9.761337280273437500e+00
7.338278770446777344e+00
8.346715927124023438e+00
7.680152893066406250e+00
7.270745277404785156e+00
8.397903442382812500e+00
6.755677223205566406e+00
8.189460754394531250e+00
1.892487049102783203e+00
9.090235710144042969e+00
8.174086570739746094e+00
9.009146690368652344e+00
8.243753433227539062e+00
7.343303203582763672e+00
8.873829841613769531e+00
7.457289695739746094e+00
7.148223876953125000e+00
9.826927185058593750e+00
5.423997879028320312e+00
9.939776420593261719e+00
9.041688919067382812e+00
4.299029350280761719e+00
9.082134246826171875e+00
5.560023784637451172e+00
7.880231857299804688e+00
6.193047046661376953e+00
4.526498317718505859e+00
8.996245384216308594e+00
8.457969665527343750e+00
7.563725471496582031e+00
8.139930725097656250e+00
1.045953750610351562e+01
4.949495792388916016e+00
9.279581069946289062e+00
9.283128738403320312e+00
1.040886878967285156e+01
6.604856014251708984e+00
8.021945953369140625e+00
9.447720527648925781e+00
1.085933780670166016e+01
1.020589256286621094e+01
9.238028526306152344e+00
6.444005489349365234e+00
9.845706939697265625e+00
8.179526329040527344e+00
6.145172119140625000e+00
6.945371150970458984e+00
4.589609622955322266e+00
5.793087959289550781e+00
6.346869468688964844e+00
8.541111946105957031e+00
8.973971366882324219e+00
8.264477729797363281e+00
1.481509017944335938e+01
1.898066639900207520e+00
1.103383541107177734e+01
4.201256752014160156e+00
1.355691337585449219e+01
1.180080890655517578e+01
8.817893981933593750e+00
4.203010559082031250e+00
8.749506950378417969e+00
1.252826786041259766e+01
1.097912979125976562e+01
1.330126380920410156e+01
2.972523689270019531e+00
7.754312992095947266e+00
1.044110012054443359e+01
1.025266265869140625e+01
9.432161331176757812e+00
1.300050067901611328e+01
1.227085208892822266e+01
1.098483562469482422e+01
6.385168075561523438e+00
7.715426921844482422e+00
1.129751110076904297e+01
9.418644905090332031e+00
7.901383399963378906e+00
5.233028411865234375e+00
7.076973438262939453e+00
5.680174350738525391e+00
8.730702400207519531e+00
8.654384613037109375e+00
1.276748561859130859e+01
6.556555747985839844e+00
1.287579727172851562e+01
1.230453681945800781e+01
4.769948959350585938e+00
1.191065788269042969e+01
7.104409694671630859e+00
7.387804985046386719e+00
4.660944938659667969e+00
1.609590911865234375e+01
1.411335372924804688e+01
7.352088928222656250e+00
1.550199985504150391e+01
1.275179958343505859e+01
6.874799728393554688e+00
6.503129959106445312e+00
1.001611709594726562e+01
4.199079513549804688e+00
8.018026351928710938e+00
9.822629928588867188e+00
1.307841491699218750e+01
1.298428058624267578e+01
5.476449966430664062e+00
7.403016090393066406e+00
9.878112792968750000e+00
3.444975376129150391e+00
1.526232719421386719e+01
1.027050113677978516e+01
1.801023101806640625e+01
1.329831123352050781e+01
7.910504817962646484e+00
8.257435798645019531e+00
1.466132068634033203e+01
1.422569370269775391e+01
1.092982387542724609e+01
1.180015182495117188e+01
3.515048980712890625e+00
4.495068550109863281e+00
9.008388519287109375e+00
1.234764766693115234e+01
1.401304626464843750e+01
1.096235942840576172e+01
1.056569480895996094e+01
7.521049976348876953e+00
1.283858203887939453e+01
7.209730625152587891e+00
1.061262226104736328e+01
4.509534835815429688e+00
1.350792884826660156e+01
6.930938720703125000e+00
1.481756114959716797e+01
5.373294830322265625e+00
1.132112789154052734e+01
1.468730354309082031e+01
1.180814838409423828e+01
1.144116592407226562e+01
7.472795486450195312e+00
9.745822906494140625e+00
5.848438262939453125e+00
1.196846103668212891e+01
8.848836898803710938e+00
1.240786743164062500e+01
9.649571418762207031e+00
9.359422683715820312e+00
7.168655395507812500e+00
5.505709171295166016e+00
1.394792747497558594e+01
1.053747940063476562e+01
1.050024795532226562e+01
6.434188842773437500e+00
1.051142024993896484e+01
1.135461807250976562e+01
4.378275871276855469e+00
1.220187854766845703e+01
8.648466110229492188e+00
1.273398590087890625e+01
1.157759284973144531e+01
7.555708408355712891e+00
4.852045536041259766e+00
1.279689979553222656e+01
5.931139945983886719e+00
5.275776863098144531e+00
1.111503124237060547e+01
1.208159446716308594e+01
1.378612136840820312e+01
5.602343559265136719e+00
1.033048057556152344e+01
4.680274009704589844e+00
3.227127194404602051e-01
4.237503528594970703e+00
9.939754486083984375e+00
8.626899719238281250e+00
1.588211917877197266e+01
1.209339141845703125e+01
6.784607410430908203e+00
1.343968391418457031e+01
1.008628177642822266e+01
1.083847427368164062e+01
1.416575145721435547e+01
1.157433509826660156e+01
3.996321678161621094e+00
1.250017642974853516e+01
7.077083587646484375e+00
1.089174556732177734e+01
5.744047164916992188e+00
1.304832267761230469e+01
1.518058681488037109e+01
2.693215608596801758e+00
1.078616809844970703e+01
5.075766086578369141e+00
1.193108844757080078e+01
1.208317279815673828e+01
9.792837142944335938e+00
1.178223323822021484e+01
1.061943149566650391e+01
5.541574954986572266e+00
1.348035526275634766e+01
1.337610244750976562e+01
1.226952266693115234e+01
7.455269813537597656e+00
1.471775245666503906e+01
1.743921852111816406e+01
1.018099975585937500e+01
8.975321769714355469e+00
7.911668300628662109e+00
6.095604419708251953e+00
4.645084857940673828e+00
1.124060821533203125e+01
1.394279098510742188e+01
8.849526405334472656e+00
4.783514022827148438e+00
2.695488691329956055e+00
4.818846702575683594e+00
7.667668342590332031e+00
5.729318618774414062e+00
1.175054645538330078e+01
1.314659404754638672e+01
1.094141197204589844e+01
2.516020059585571289e+00
1.512471866607666016e+01
4.216362953186035156e+00
8.376582145690917969e+00
1.255568218231201172e+01
1.169216156005859375e+01
1.180802536010742188e+01
8.385999679565429688e+00
4.988496780395507812e+00
1.330778598785400391e+01
1.595062351226806641e+01
1.358483314514160156e+01
8.014506340026855469e+00
8.978477478027343750e+00
2.762381076812744141e+00
5.994200706481933594e+00
3.523189306259155273e+00
1.474433994293212891e+01
7.881218910217285156e+00
4.652674198150634766e+00
4.305881500244140625e+00
4.995018005371093750e+00
1.191167640686035156e+01
8.040689468383789062e+00
1.171653938293457031e+01
4.809261798858642578e+00
1.111955642700195312e+01
8.067846298217773438e+00
8.703854560852050781e+00
9.318154335021972656e+00
2.754315137863159180e+00
1.284033679962158203e+01
1.153972911834716797e+01
3.365962266921997070e+00
8.179679870605468750e+00
1.024723434448242188e+01
9.482539176940917969e+00
1.599844932556152344e+01
3.842164278030395508e+00
9.987743377685546875e+00
1.070265197753906250e+01
1.472727108001708984e+01
3.350015640258789062e+00
1.225666046142578125e+01
1.639184761047363281e+01
1.354307746887207031e+01
8.549673080444335938e+00
1.361811161041259766e+01
1.291018867492675781e+01
8.630760192871093750e+00
7.555240154266357422e+00
1.289052391052246094e+01
8.779331207275390625e+00
1.030834293365478516e+01
1.155790328979492188e+01
1.467751693725585938e+01
8.169764518737792969e+00
1.111627197265625000e+01
1.252755165100097656e+01
6.298184871673583984e+00
1.039494800567626953e+01
7.184632778167724609e+00
6.251489162445068359e+00
1.097847557067871094e+01
9.758983612060546875e+00
6.444550514221191406e+00
5.631500244140625000e+00
3.364714384078979492e+00
8.919846534729003906e+00
1.825342178344726562e+01
7.643813133239746094e+00
1.086578559875488281e+01
9.689204216003417969e+00
7.255636215209960938e+00
8.160575866699218750e+00
2.958947896957397461e+00
6.166102409362792969e+00
1.092637348175048828e+01
5.107382774353027344e+00
1.095314121246337891e+01
1.359119224548339844e+01
1.301082134246826172e+01
9.093419075012207031e+00
6.909733772277832031e+00
8.821139335632324219e+00
1.372156524658203125e+01
1.144524860382080078e+01
2.024044990539550781e+00
2.619480848312377930e+00
1.861269116401672363e+00
9.036396980285644531e+00
1.209662437438964844e+01
4.145066261291503906e+00
8.066350936889648438e+00
7.235960006713867188e+00
5.464494228363037109e+00
4.102339744567871094e+00
1.417798423767089844e+01
5.570806503295898438e+00
1.227744770050048828e+01
1.001555824279785156e+01
1.320965194702148438e+01
5.672472476959228516e+00
4.201151847839355469e+00
1.397423076629638672e+01
1.253446769714355469e+01
1.172355175018310547e+01
8.770058631896972656e+00
3.705817222595214844e+00
8.634269714355468750e+00
7.574707508087158203e+00
3.624168872833251953e+00
5.338261127471923828e+00
1.193278551101684570e+00
1.127019023895263672e+01
7.683159828186035156e+00
3.167335987091064453e+00
6.553334236145019531e+00
1.131664943695068359e+01
8.125701904296875000e+00
1.116385841369628906e+01
7.499387741088867188e+00
1.159378528594970703e+01
6.416566848754882812e+00
1.375095653533935547e+01
6.984302043914794922e+00
5.604784011840820312e+00
1.166530132293701172e+01
1.136501598358154297e+01
6.358345031738281250e+00
4.865015029907226562e+00
2.818534374237060547e-01
1.184002399444580078e+01
1.154206562042236328e+01
1.083932495117187500e+01
8.524280786514282227e-02
9.774431228637695312e+00
3.223941564559936523e+00
1.239434528350830078e+01
8.891352653503417969e+00
8.515606880187988281e+00
9.789602279663085938e+00
1.272064113616943359e+01
4.085189342498779297e+00
7.666028976440429688e+00
1.257518100738525391e+01
1.095516204833984375e+01
9.137928962707519531e+00
1.209819030761718750e+01
9.966222763061523438e+00
1.269844818115234375e+01
1.384029960632324219e+01
1.004031562805175781e+01
8.181692123413085938e+00
1.915987372398376465e+00
1.461290550231933594e+01
1.394380569458007812e+01
1.257564544677734375e+01
2.410072803497314453e+00
1.066316127777099609e+01
8.296866416931152344e+00
1.011000442504882812e+01
1.473397445678710938e+01
1.099186038970947266e+01
3.888393402099609375e+00
7.969752311706542969e+00
7.185448646545410156e+00
1.197238540649414062e+01
1.253086566925048828e+01
8.623155593872070312e+00
2.487490415573120117e+00
6.351325988769531250e+00
1.199504947662353516e+01
9.982343673706054688e+00
3.668045282363891602e+00
8.661959648132324219e+00
1.094878387451171875e+01
8.902963638305664062e+00
1.053818607330322266e+01
6.484517097473144531e+00
9.357479095458984375e+00
1.221863651275634766e+01
5.102309226989746094e+00
9.314982414245605469e+00
1.222273254394531250e+01
1.107825660705566406e+01
7.668000221252441406e+00
1.150938415527343750e+01
5.952444553375244141e+00
1.224746131896972656e+01
2.989507675170898438e+00
6.754679679870605469e+00
5.019123554229736328e+00
1.144175243377685547e+01
1.394488811492919922e+01
1.183618450164794922e+01
6.984252929687500000e+00
1.358127593994140625e+01
8.630857467651367188e+00
7.441923141479492188e+00
7.591247558593750000e+00
9.412910461425781250e+00
2.202611923217773438e+00
5.575049877166748047e+00
5.867712974548339844e+00
8.669653892517089844e+00
1.185569858551025391e+01
4.509281635284423828e+00
7.645622253417968750e+00
1.308690261840820312e+01
9.033514022827148438e+00
1.071729373931884766e+01
1.139150524139404297e+01
1.387164211273193359e+01
1.379744338989257812e+01
5.090046405792236328e+00
5.503020763397216797e+00
1.310322952270507812e+01
5.887273788452148438e+00
1.001407527923583984e+01
1.117718696594238281e+01
7.335238933563232422e+00
1.237752342224121094e+01
9.613430976867675781e+00
9.556650161743164062e+00
8.313467979431152344e+00
1.184098243713378906e+01
6.473993301391601562e+00
1.716187477111816406e+01
1.369808387756347656e+01
9.258847236633300781e+00
4.314832687377929688e+00
1.040726375579833984e+01
1.005675983428955078e+01
1.036016082763671875e+01
1.237119007110595703e+01
1.081511402130126953e+01
7.818355560302734375e+00
1.411344432830810547e+01
1.240687465667724609e+01
1.725292205810546875e+01
1.530963325500488281e+01
1.519437122344970703e+01
1.834350776672363281e+01
1.164211750030517578e+01
1.266053390502929688e+01
1.182674503326416016e+01
1.066952514648437500e+01
1.588925075531005859e+01
1.605429077148437500e+01
2.096672439575195312e+01
7.621424674987792969e+00
1.220218372344970703e+01
1.281724071502685547e+01
9.206159591674804688e+00
7.299630165100097656e+00
8.158378601074218750e+00
8.938055992126464844e+00
1.053398227691650391e+01
9.834815979003906250e+00
1.264128208160400391e+01
6.526116371154785156e+00
8.089781761169433594e+00
1.565967178344726562e+01
7.785925865173339844e+00
9.787845611572265625e+00
1.187941646575927734e+01
2.074464797973632812e+00
7.208641529083251953e+00
1.509090423583984375e+01
8.004900932312011719e+00
1.784084129333496094e+01
1.573261547088623047e+01
9.657870292663574219e+00
1.395214748382568359e+01
1.842149162292480469e+01
1.141503334045410156e+01
1.054368400573730469e+01
1.235529518127441406e+01
9.071319580078125000e+00
9.238998413085937500e+00
1.271091365814208984e+01
3.132047176361083984e+00
1.169365310668945312e+01
1.012750053405761719e+01
8.570719718933105469e+00
8.880419731140136719e+00
9.856264114379882812e+00
1.685220336914062500e+01
1.937903213500976562e+01
1.276418590545654297e+01
9.822028160095214844e+00
1.577894115447998047e+01
1.632411575317382812e+01
6.602586269378662109e+00
8.812120437622070312e+00
1.178596591949462891e+01
6.039262771606445312e+00
1.409945487976074219e+00
1.189482498168945312e+01
4.756779193878173828e+00
1.250661468505859375e+01
1.584195804595947266e+01
1.303677654266357422e+01
1.352173519134521484e+01
1.019257831573486328e+01
6.709805965423583984e+00
1.775130844116210938e+01
1.430971813201904297e+01
1.231678199768066406e+01
4.175111770629882812e+00
1.540793323516845703e+01
8.458602905273437500e+00
9.344256401062011719e+00
7.552075386047363281e+00
1.230474090576171875e+01
5.965266227722167969e+00
7.686511993408203125e+00
6.908710002899169922e+00
1.006098556518554688e+01
1.211865425109863281e+01
8.988927841186523438e+00
1.215599822998046875e+01
9.194667816162109375e+00
7.449164867401123047e+00
1.090298652648925781e+01
1.894178962707519531e+01
8.117420196533203125e+00
8.368795394897460938e+00
1.258548736572265625e+01
8.010394096374511719e+00
8.114188194274902344e+00
1.066128158569335938e+01
1.281308364868164062e+01
9.863102912902832031e+00
9.439927101135253906e+00
1.153265571594238281e+01
5.956635951995849609e+00
7.833438396453857422e+00
1.074743652343750000e+01
4.444049835205078125e+00
5.092877388000488281e+00
7.776409149169921875e+00
9.975170135498046875e+00
7.376226902008056641e+00
4.326503753662109375e+00
1.049478721618652344e+01
1.061305046081542969e+01
3.779219388961791992e+00
1.034764862060546875e+01
8.970022201538085938e+00
8.085116386413574219e+00
1.067036628723144531e+01
8.044576644897460938e+00
7.337331771850585938e+00
1.178128623962402344e+01
5.787975311279296875e+00
7.800308227539062500e+00
3.772251129150390625e+00
3.496681213378906250e+00
7.647272109985351562e+00
6.076798439025878906e+00
1.287712287902832031e+01
1.400902080535888672e+01
1.039759826660156250e+01
8.305356025695800781e+00
1.005928134918212891e+01
8.114508628845214844e+00
1.112485027313232422e+01
1.206419277191162109e+01
5.167893409729003906e+00
8.060113906860351562e+00
7.840926647186279297e+00
7.821588039398193359e+00
1.159792423248291016e+01
9.132522583007812500e+00
6.671273231506347656e+00
1.274328899383544922e+01
8.702456474304199219e+00
6.987641334533691406e+00
9.995332717895507812e+00
1.440177154541015625e+01
7.259954929351806641e+00
1.021778583526611328e+01
1.329129505157470703e+01
7.961956501007080078e+00
9.537296295166015625e+00
1.148623371124267578e+01
1.046714687347412109e+01
4.182741165161132812e+00
8.439198732376098633e-01
4.908460617065429688e+00
8.767446517944335938e+00
8.743377685546875000e+00
7.684964179992675781e+00
1.057574844360351562e+01
1.027390956878662109e+01
8.347099304199218750e+00
1.087247467041015625e+01
7.750966072082519531e+00
1.074123668670654297e+01
8.997688293457031250e+00
9.815798759460449219e+00
5.057647705078125000e+00
1.018061065673828125e+01
4.955080986022949219e+00
6.216854095458984375e+00
1.347015476226806641e+01
9.813820838928222656e+00
1.120162200927734375e+01
7.234556198120117188e+00
8.523238182067871094e+00
9.893985748291015625e+00
9.937900543212890625e+00
4.891304016113281250e+00
9.136558532714843750e+00
8.505608558654785156e+00
7.952696800231933594e+00
5.655460834503173828e+00
7.409205913543701172e+00
3.705435037612915039e+00
6.287539482116699219e+00
1.029640579223632812e+01
6.991432666778564453e+00
5.861527442932128906e+00
6.273989677429199219e+00
9.605368614196777344e+00
4.879208564758300781e+00
2.497797250747680664e+00
7.642652511596679688e+00
7.864363193511962891e-01
5.567946434020996094e+00
8.894581794738769531e+00
5.673124790191650391e+00
9.362291336059570312e+00
4.245664119720458984e+00
1.102198791503906250e+01
8.197477340698242188e+00
7.634238719940185547e+00
6.056241989135742188e+00
6.664514541625976562e+00
8.643779754638671875e+00
9.992877006530761719e+00
9.132527351379394531e+00
6.945102214813232422e+00
1.040286350250244141e+01
7.695809841156005859e+00
2.558765411376953125e+00
9.616855621337890625e+00
1.341799640655517578e+01
5.982143878936767578e+00
1.019644641876220703e+01
3.411048412322998047e+00
5.427422523498535156e+00
7.908580780029296875e+00
6.845026969909667969e+00
6.148258209228515625e+00
4.239688873291015625e+00
9.063632965087890625e+00
6.084267139434814453e+00
1.097059535980224609e+01
1.090666770935058594e+01
7.263145446777343750e+00
6.076060295104980469e+00
6.998654842376708984e+00
5.650678634643554688e+00
6.851142406463623047e+00
9.276125907897949219e+00
3.465618371963500977e+00
4.544813632965087891e+00
1.313562202453613281e+01
7.997563362121582031e+00
7.354266643524169922e+00
1.004662895202636719e+01
7.707718849182128906e+00
8.764117240905761719e+00
8.185097694396972656e+00
1.037089443206787109e+01
6.159304618835449219e+00
4.985895156860351562e+00
9.140934944152832031e+00
1.897942304611206055e+00
1.029514312744140625e+01
6.285606861114501953e+00
7.025421619415283203e+00
6.346214771270751953e+00
4.104455947875976562e+00
8.514601707458496094e+00
6.579509258270263672e+00
7.973782539367675781e+00
9.190292954444885254e-01
1.307093143463134766e+00
8.040163993835449219e+00
6.260542869567871094e+00
7.301354885101318359e+00
1.463894271850585938e+01
8.140306472778320312e+00
1.157414436340332031e+01
9.044045448303222656e+00
4.026615142822265625e+00
1.025401401519775391e+01
6.667159557342529297e+00
5.036521911621093750e+00
5.770993709564208984e+00
1.175807571411132812e+01
1.030675411224365234e+01
9.376708030700683594e+00
1.686166405677795410e+00
6.540606498718261719e+00
9.921210289001464844e+00
8.784880638122558594e+00
6.163659095764160156e+00
6.433734416961669922e+00
9.996852874755859375e+00
1.022201919555664062e+01
9.356971740722656250e+00
2.856973171234130859e+00
6.437973499298095703e+00
1.114058494567871094e+01
3.011830806732177734e+00
8.450240135192871094e+00
7.878445625305175781e+00
6.216637611389160156e+00
6.088895320892333984e+00
7.343299865722656250e+00
1.192212009429931641e+01
2.775066375732421875e+00
8.354654312133789062e+00
6.146132469177246094e+00
7.492937088012695312e+00
6.869297027587890625e+00
1.124348926544189453e+01
5.287053585052490234e+00
3.524480819702148438e+00
5.639472484588623047e+00
4.582571983337402344e+00
4.603218078613281250e+00
5.645999908447265625e+00
5.024297714233398438e+00
6.924116611480712891e+00
4.738086223602294922e+00
8.368325233459472656e+00
6.248173713684082031e+00
6.551608562469482422e+00
8.225107192993164062e+00
7.932556152343750000e+00
5.767993927001953125e+00
5.145625591278076172e+00
7.612571716308593750e+00
8.044478416442871094e+00
4.907662868499755859e+00
4.082155227661132812e+00
6.935081958770751953e+00
1.193051815032958984e+00
9.145204544067382812e+00
3.842436075210571289e+00
7.532287120819091797e+00
6.359817385673522949e-01
4.728877544403076172e+00
4.115374565124511719e+00
1.463503837585449219e+00
4.178709983825683594e+00
7.119867324829101562e+00
8.162777900695800781e+00
5.300516128540039062e+00
2.915034055709838867e+00
2.926633119583129883e+00
5.717344760894775391e+00
5.496969699859619141e+00
6.418321132659912109e+00
2.785247802734375000e+00
9.055025100708007812e+00
7.816792488098144531e+00
5.260154247283935547e+00
9.578166007995605469e+00
4.969959259033203125e+00
6.096721649169921875e+00
7.140075206756591797e+00
5.271820068359375000e+00
7.596061706542968750e+00
4.112181663513183594e+00
5.218438148498535156e+00
3.978751897811889648e+00
6.982368469238281250e+00
9.115801811218261719e+00
4.298965930938720703e+00
8.372383117675781250e+00
3.936031341552734375e+00
5.772849559783935547e+00
3.105996847152709961e+00
8.881740570068359375e+00
4.429466247558593750e+00
9.042075157165527344e+00
2.812263488769531250e+00
6.402867317199707031e+00
7.682743549346923828e+00
4.752268791198730469e+00
5.897347927093505859e+00
7.278328895568847656e+00
3.773663282394409180e+00
1.728646397590637207e+00
7.049142837524414062e+00
4.068675994873046875e+00
2.637541055679321289e+00
7.498507499694824219e+00
4.321400165557861328e+00
5.967186927795410156e+00
7.449598312377929688e+00
7.468888759613037109e+00
5.823143482208251953e+00
4.894144535064697266e+00
5.329614639282226562e+00
5.964973926544189453e+00
6.515665531158447266e+00
2.792182445526123047e+00
4.153286933898925781e+00
6.697607994079589844e+00
4.846701622009277344e+00
5.819671154022216797e+00
6.029582023620605469e+00
1.148136138916015625e+00
7.143486022949218750e+00
3.161082863807678223e-01
6.228522300720214844e+00
5.260993957519531250e+00
5.451748371124267578e+00
5.972460746765136719e+00
7.171491622924804688e+00
