0.000000000000000000e+00
4.173965469659474792e+00
2.672688504864850767e+00
0.000000000000000000e+00
0.000000000000000000e+00
6.244524455507904470e+00
0.000000000000000000e+00
1.221848478161090101e+00
2.948014270987437069e+00
8.227334010753088123e+00
2.862431074314287116e+00
1.669904318937225352e+00
9.779878562917375007e+00
0.000000000000000000e+00
9.793281590727001884e+00
7.020454883598392648e+00
0.000000000000000000e+00
0.000000000000000000e+00
6.110742635437558690e+00
3.199746913195425257e+00
1.285513450762292065e+00
1.563454168218509022e+00
0.000000000000000000e+00
3.471388302313342056e+00
0.000000000000000000e+00
8.981953101079587221e-01
1.202193271775688688e+00
9.126768013622946540e+00
3.015375642662701861e+00
3.196263126102819596e-01
3.467169803990453936e+00
9.232439892605595055e-01
0.000000000000000000e+00
0.000000000000000000e+00
1.033264338289322737e+01
5.311582499520131506e+00
0.000000000000000000e+00
0.000000000000000000e+00
6.362470701940254436e+00
2.458311623879444241e+00
1.627809971167190506e+00
2.867180134593406704e-01
0.000000000000000000e+00
0.000000000000000000e+00
4.392621102251267118e+00
7.229297650400636321e+00
0.000000000000000000e+00
0.000000000000000000e+00
5.836776286363550170e+00
7.715296753471638347e+00
4.968912188728129564e+00
0.000000000000000000e+00
7.382796252051215369e+00
0.000000000000000000e+00
4.349485858930167481e+00
0.000000000000000000e+00
0.000000000000000000e+00
1.259653645125111021e+00
0.000000000000000000e+00
0.000000000000000000e+00
0.000000000000000000e+00
2.100174488928260086e+00
0.000000000000000000e+00
5.722217634359235028e+00
1.076900385223557777e+01
5.604806030494896563e-01
8.200266893698515247e+00
3.233005474805341617e+00
9.531866006519782886e+00
0.000000000000000000e+00
1.824788615190703345e+00
0.000000000000000000e+00
0.000000000000000000e+00
0.000000000000000000e+00
0.000000000000000000e+00
3.574115353200971956e+00
6.009369944615768233e+00
5.409129644452383978e+00
7.251755783904040520e+00
1.593079590340971130e+00
3.159503088129460568e+00
7.433493570679158502e+00
0.000000000000000000e+00
3.928650861509562109e+00
7.656826048906610893e+00
5.174898147681165739e+00
0.000000000000000000e+00
9.523595820533687473e+00
0.000000000000000000e+00
7.143730636247730637e+00
0.000000000000000000e+00
4.872987727048130324e+00
7.197303728226692066e+00
8.856611322203393755e+00
9.568210620143268841e+00
0.000000000000000000e+00
0.000000000000000000e+00
2.188441104616094091e+00
6.055453371953842812e+00
8.787395466136530331e+00
5.063597612873869558e+00
3.232710947990252714e-01
0.000000000000000000e+00
0.000000000000000000e+00
7.412735954768557178e+00
1.255459788173756586e+00
6.404615398211785049e+00
0.000000000000000000e+00
0.000000000000000000e+00
7.449533983174962515e+00
0.000000000000000000e+00
0.000000000000000000e+00
0.000000000000000000e+00
7.056221953904337596e+00
8.153596807804740720e+00
3.220100470318941532e+00
0.000000000000000000e+00
9.947079723726886868e+00
0.000000000000000000e+00
0.000000000000000000e+00
2.905680151158156921e+00
4.694131358467669379e+00
8.350756664554003450e+00
6.616531591709984284e-01
7.546218837240237676e+00
0.000000000000000000e+00
0.000000000000000000e+00
0.000000000000000000e+00
1.251349483700878729e+00
5.135848017683022348e+00
0.000000000000000000e+00
9.188372674704844201e+00
2.401104983911693136e+00
6.117420034592144784e-01
6.381765370397465276e+00
0.000000000000000000e+00
8.477566763041387787e+00
7.602455034117527433e+00
9.008435237021066300e+00
0.000000000000000000e+00
7.995734214685570329e+00
8.394721974845468893e+00
0.000000000000000000e+00
3.353658773066213517e+00
4.846750262876730275e+00
6.692728116022364837e+00
2.269711034742866396e+00
7.092958915013017673e+00
8.949322610535865863e+00
2.361321361528181395e+00
0.000000000000000000e+00
6.894608476340919445e+00
8.307085065172513438e+00
7.675097464849378603e+00
0.000000000000000000e+00
7.042300714761866587e+00
7.818304141222603754e+00
5.990589186186000781e+00
0.000000000000000000e+00
0.000000000000000000e+00
2.150135389191201618e+00
0.000000000000000000e+00
8.834966718457565094e+00
4.985438297097469773e-01
0.000000000000000000e+00
8.526603682006049567e+00
6.086960825667831365e+00
9.194212970303915711e+00
1.269446762068903567e+01
7.651232303151728864e+00
1.376908712931228296e+00
7.047021927523565488e+00
9.972882273558150601e+00
0.000000000000000000e+00
8.840516011105931327e+00
3.002627854546618735e+00
0.000000000000000000e+00
5.724948892146163537e+00
1.841392537186062661e+00
9.272038475128296042e+00
9.135948272969960371e+00
0.000000000000000000e+00
3.611937508020604426e+00
0.000000000000000000e+00
7.591006118004726133e-01
0.000000000000000000e+00
3.648509085588195866e+00
3.837326094856761127e+00
7.658086220664570565e-01
5.975157357049183382e+00
7.016063287623451217e+00
8.976378450383940333e+00
3.877033240344065490e+00
8.407817830208177412e+00
6.811405760866199977e+00
0.000000000000000000e+00
0.000000000000000000e+00
3.332121911203218545e+00
0.000000000000000000e+00
0.000000000000000000e+00
0.000000000000000000e+00
0.000000000000000000e+00
3.777362859801745465e+00
7.328650527079640931e+00
9.023007410394528804e+00
4.118004028122025373e-01
0.000000000000000000e+00
0.000000000000000000e+00
0.000000000000000000e+00
0.000000000000000000e+00
2.764417587994393521e+00
7.662568755603096360e-01
4.501661830324888314e+00
0.000000000000000000e+00
0.000000000000000000e+00
5.488065891717562872e-01
1.628690423602970894e-01
6.399392637145492557e+00
4.424088470296433151e+00
2.228698313231344930e+00
0.000000000000000000e+00
0.000000000000000000e+00
4.123150786370927356e+00
0.000000000000000000e+00
0.000000000000000000e+00
0.000000000000000000e+00
0.000000000000000000e+00
0.000000000000000000e+00
0.000000000000000000e+00
8.001337055229308604e+00
0.000000000000000000e+00
8.538823118738586571e-01
0.000000000000000000e+00
3.137674818017327727e+00
0.000000000000000000e+00
0.000000000000000000e+00
0.000000000000000000e+00
3.993748600752239586e+00
5.845997878544634041e+00
8.738642753626910675e+00
0.000000000000000000e+00
0.000000000000000000e+00
0.000000000000000000e+00
0.000000000000000000e+00
0.000000000000000000e+00
4.190745856829163785e+00
9.949439092102911886e+00
2.775255476635905438e+00
2.017102154709888406e+00
1.390799090310258723e+00
0.000000000000000000e+00
1.300788326889901869e+00
0.000000000000000000e+00
0.000000000000000000e+00
0.000000000000000000e+00
7.106113103093618655e-01
1.015557767693619828e+00
0.000000000000000000e+00
0.000000000000000000e+00
0.000000000000000000e+00
0.000000000000000000e+00
7.345689337320947310e+00
0.000000000000000000e+00
0.000000000000000000e+00
6.061500603311175128e-01
0.000000000000000000e+00
0.000000000000000000e+00
6.768718224645867920e+00
0.000000000000000000e+00
5.243430621537975789e+00
7.144708618156663249e+00
0.000000000000000000e+00
0.000000000000000000e+00
3.782628475510197763e+00
4.632111123156412269e+00
1.284264248431440381e+00
0.000000000000000000e+00
2.306549103383687793e+00
2.762483219615879726e+00
1.568593368903546947e+00
0.000000000000000000e+00
2.932708780976667651e+00
0.000000000000000000e+00
0.000000000000000000e+00
3.477750314526014463e+00
0.000000000000000000e+00
0.000000000000000000e+00
0.000000000000000000e+00
3.633426751771734242e+00
0.000000000000000000e+00
3.897939798920952992e+00
6.060133536320106984e+00
9.128996844507680564e+00
0.000000000000000000e+00
0.000000000000000000e+00
0.000000000000000000e+00
0.000000000000000000e+00
0.000000000000000000e+00
2.217476398404410798e+00
3.021574560723099268e+00
4.509406730178370237e-01
3.971868838242950783e+00
5.528554946727997965e+00
1.549515801662048053e+00
0.000000000000000000e+00
0.000000000000000000e+00
0.000000000000000000e+00
0.000000000000000000e+00
9.466865569185072715e+00
7.944063712833322022e+00
1.889031548468395494e+00
4.730819770953248238e+00
0.000000000000000000e+00
0.000000000000000000e+00
0.000000000000000000e+00
2.347816042059604591e+00
0.000000000000000000e+00
5.642341904988287249e-01
0.000000000000000000e+00
2.847540819907000920e+00
0.000000000000000000e+00
4.169264294102347890e+00
0.000000000000000000e+00
0.000000000000000000e+00
0.000000000000000000e+00
8.880503565651370224e+00
1.934500761863308105e+00
3.175292989590908554e+00
3.267056463289967905e+00
0.000000000000000000e+00
8.556751311537267313e+00
0.000000000000000000e+00
0.000000000000000000e+00
0.000000000000000000e+00
0.000000000000000000e+00
3.270923534469412086e-01
2.672238695776694151e-01
0.000000000000000000e+00
3.108115456984862135e+00
0.000000000000000000e+00
0.000000000000000000e+00
0.000000000000000000e+00
0.000000000000000000e+00
5.181630064999197316e+00
0.000000000000000000e+00
4.020693820176579614e+00
3.777822045933508122e+00
1.252529696982178642e+00
1.006634807588742753e+01
3.827601530516063777e-01
4.871985443357190526e+00
0.000000000000000000e+00
2.061807639693043814e+00
3.714160991836411352e+00
6.896359503086884501e+00
0.000000000000000000e+00
3.126100914952822940e-02
9.201033632156014885e-01
2.351484850454979014e-01
0.000000000000000000e+00
3.636022212072176352e-02
4.959635932391679436e-01
4.771489189255300190e+00
6.911976270571910774e+00
0.000000000000000000e+00
3.750081095094563111e+00
1.954727240720877113e+00
0.000000000000000000e+00
0.000000000000000000e+00
1.620019451622013662e+00
1.646583092058708786e+00
5.763065836231040961e+00
0.000000000000000000e+00
0.000000000000000000e+00
0.000000000000000000e+00
0.000000000000000000e+00
7.563333442975464393e+00
0.000000000000000000e+00
6.799411754310419553e+00
1.214807063123387376e+00
2.176351593639943349e+00
4.047003667597139476e+00
0.000000000000000000e+00
0.000000000000000000e+00
3.214593346465528079e+00
0.000000000000000000e+00
3.301636956199490047e+00
8.787899157600049804e-01
5.793952983209841534e+00
4.927868862911469749e-01
3.980496459564022427e+00
0.000000000000000000e+00
5.586076248768545582e+00
0.000000000000000000e+00
3.893776233426499367e+00
0.000000000000000000e+00
0.000000000000000000e+00
3.373132213185116690e+00
0.000000000000000000e+00
1.173313227407590364e+00
0.000000000000000000e+00
0.000000000000000000e+00
8.598170635910836745e-01
0.000000000000000000e+00
0.000000000000000000e+00
2.150129772425305674e+00
0.000000000000000000e+00
0.000000000000000000e+00
2.549309886574907535e-01
6.136841699659123517e-01
0.000000000000000000e+00
3.937411069869988012e+00
1.356945721661720450e+00
3.114741405426681986e+00
0.000000000000000000e+00
7.444286586587174348e-01
2.184390592873203474e+00
0.000000000000000000e+00
0.000000000000000000e+00
0.000000000000000000e+00
1.256452063238567840e+00
0.000000000000000000e+00
7.243337639005456019e+00
0.000000000000000000e+00
2.123350094292443035e+00
0.000000000000000000e+00
0.000000000000000000e+00
1.022413231624076158e+00
3.485567163196175766e+00
0.000000000000000000e+00
6.123742952491298297e+00
0.000000000000000000e+00
1.000947406731920619e+00
0.000000000000000000e+00
0.000000000000000000e+00
3.774711575483886250e+00
0.000000000000000000e+00
1.138834508548379754e+00
0.000000000000000000e+00
0.000000000000000000e+00
0.000000000000000000e+00
6.959907101307424959e+00
4.890693143719158087e+00
1.171273287679048813e+00
0.000000000000000000e+00
0.000000000000000000e+00
0.000000000000000000e+00
0.000000000000000000e+00
0.000000000000000000e+00
0.000000000000000000e+00
1.794084577157265326e+00
0.000000000000000000e+00
0.000000000000000000e+00
0.000000000000000000e+00
0.000000000000000000e+00
0.000000000000000000e+00
4.544812940587601435e-01
5.025427831697757419e+00
8.737239884090745035e-01
3.799310449594903716e-01
0.000000000000000000e+00
0.000000000000000000e+00
0.000000000000000000e+00
1.920986276955328975e+00
3.746995520004540392e+00
0.000000000000000000e+00
0.000000000000000000e+00
0.000000000000000000e+00
1.216968495698720121e+00
0.000000000000000000e+00
0.000000000000000000e+00
1.417493848099112608e+00
0.000000000000000000e+00
0.000000000000000000e+00
0.000000000000000000e+00
0.000000000000000000e+00
0.000000000000000000e+00
0.000000000000000000e+00
0.000000000000000000e+00
0.000000000000000000e+00
0.000000000000000000e+00
8.844702706650925395e-01
3.162691182184675931e+00
0.000000000000000000e+00
0.000000000000000000e+00
0.000000000000000000e+00
0.000000000000000000e+00
0.000000000000000000e+00
3.584413495322565923e-01
0.000000000000000000e+00
2.056600975479685456e+00
4.151891214757902127e+00
0.000000000000000000e+00
5.127685966335375767e+00
0.000000000000000000e+00
4.183893367249236217e-01
0.000000000000000000e+00
0.000000000000000000e+00
0.000000000000000000e+00
0.000000000000000000e+00
6.079878786740681385e+00
1.605522716503863023e+00
7.719517726362765231e+00
2.096805700899823321e+00
9.532984670225341794e-02
0.000000000000000000e+00
0.000000000000000000e+00
0.000000000000000000e+00
2.876392905377365583e+00
0.000000000000000000e+00
3.077531166240712324e-01
0.000000000000000000e+00
6.561520383951158220e-02
0.000000000000000000e+00
6.514077214111446246e+00
0.000000000000000000e+00
3.824181571828365822e+00
9.397683127451205820e+00
0.000000000000000000e+00
3.116745419499803438e-01
1.072896281850784383e+01
8.757140217920911240e+00
6.089142244627332445e+00
0.000000000000000000e+00
0.000000000000000000e+00
0.000000000000000000e+00
4.731430030393610764e+00
0.000000000000000000e+00
7.154138538606740205e+00
4.366391688688284312e+00
6.694929574996236532e+00
6.354060213606563146e+00
8.163424468436140558e+00
4.832651695415268733e+00
7.179943031852179303e+00
1.383952661945623941e+00
0.000000000000000000e+00
0.000000000000000000e+00
8.564032629037557243e+00
0.000000000000000000e+00
0.000000000000000000e+00
0.000000000000000000e+00
0.000000000000000000e+00
0.000000000000000000e+00
0.000000000000000000e+00
8.715841333050429185e+00
0.000000000000000000e+00
0.000000000000000000e+00
0.000000000000000000e+00
0.000000000000000000e+00
0.000000000000000000e+00
9.261307914628131854e-01
8.570955280547586597e+00
0.000000000000000000e+00
0.000000000000000000e+00
7.259273688410750047e-01
4.548829091425234949e+00
0.000000000000000000e+00
0.000000000000000000e+00
1.651112539176552207e+00
0.000000000000000000e+00
2.585890069249622503e+00
5.633615510789280023e+00
4.676264840390900623e+00
0.000000000000000000e+00
8.878786050396220375e+00
1.046641544264113755e+01
0.000000000000000000e+00
4.832594458471912269e+00
5.896506286462157576e+00
0.000000000000000000e+00
0.000000000000000000e+00
0.000000000000000000e+00
0.000000000000000000e+00
0.000000000000000000e+00
3.833965338682384427e+00
2.838461403065512201e+00
0.000000000000000000e+00
8.230789045348705812e+00
5.605978919229055890e+00
0.000000000000000000e+00
0.000000000000000000e+00
0.000000000000000000e+00
6.880368531533068710e-01
1.582544752541430011e+00
0.000000000000000000e+00
7.279581122044788799e+00
0.000000000000000000e+00
2.781603846971147487e+00
0.000000000000000000e+00
9.885306629137988743e-01
0.000000000000000000e+00
1.664948480353160898e+00
0.000000000000000000e+00
1.034236552127257847e-01
7.249291402953485175e+00
4.861267097298609841e+00
1.879270535854664415e+00
0.000000000000000000e+00
0.000000000000000000e+00
1.660560193778576332e+00
0.000000000000000000e+00
8.516573953500660821e+00
0.000000000000000000e+00
0.000000000000000000e+00
0.000000000000000000e+00
0.000000000000000000e+00
0.000000000000000000e+00
3.066587279109844744e-01
6.773408438959093836e+00
8.550516087022282719e+00
6.105301329161312296e+00
0.000000000000000000e+00
9.577087424389400638e+00
0.000000000000000000e+00
0.000000000000000000e+00
8.342016319933764024e+00
5.127789956942609528e+00
0.000000000000000000e+00
0.000000000000000000e+00
0.000000000000000000e+00
0.000000000000000000e+00
3.596849424534745321e+00
4.166378078181192102e+00
8.520156885414445824e+00
0.000000000000000000e+00
0.000000000000000000e+00
5.815799304598304076e+00
0.000000000000000000e+00
3.717118515143130075e+00
1.783973282856662346e+00
4.025784888272283091e+00
4.595385052165517514e+00
0.000000000000000000e+00
0.000000000000000000e+00
7.742603722609701755e+00
0.000000000000000000e+00
0.000000000000000000e+00
1.462730349336839764e+00
0.000000000000000000e+00
0.000000000000000000e+00
9.706428544431116023e+00
6.268931405927657075e+00
0.000000000000000000e+00
0.000000000000000000e+00
0.000000000000000000e+00
2.131939875530602713e+00
0.000000000000000000e+00
3.540359528985503879e+00
4.249073419932132722e+00
4.602015000307860149e+00
8.834655673930782882e+00
5.267736404757678237e+00
0.000000000000000000e+00
9.290390047553314545e+00
6.101012716672942204e-01
9.428466779985441804e+00
0.000000000000000000e+00
7.914619495058347276e+00
0.000000000000000000e+00
0.000000000000000000e+00
7.319976839606661123e+00
1.455718589140119423e+00
8.013089247637370960e+00
2.509828118128332175e-01
0.000000000000000000e+00
0.000000000000000000e+00
1.865020784720900160e+00
7.521351815311606792e+00
1.006817256102482538e+01
0.000000000000000000e+00
3.693624791482513992e+00
2.238623603987463628e+00
0.000000000000000000e+00
5.287943824855235952e+00
5.048582504547967531e+00
0.000000000000000000e+00
3.885734535720029914e+00
4.082690236166856224e+00
8.571480789008642631e+00
0.000000000000000000e+00
0.000000000000000000e+00
0.000000000000000000e+00
2.911677772890408633e-01
0.000000000000000000e+00
5.801036870834272108e+00
0.000000000000000000e+00
9.003486627476641857e+00
5.381363379613214093e+00
7.562160383587148260e+00
5.035759025707754688e+00
5.824385624654457416e+00
0.000000000000000000e+00
9.428529771268430171e-01
5.967322243775360358e-01
3.061917335096710602e+00
0.000000000000000000e+00
5.644836250832627744e-01
7.064438773195703014e+00
5.807939571179391081e+00
1.072029986359296361e-01
5.045744021270658131e+00
1.782952316240063784e+00
5.994150183810499577e+00
0.000000000000000000e+00
0.000000000000000000e+00
0.000000000000000000e+00
4.942188269993347483e+00
0.000000000000000000e+00
6.639095354265829307e+00
1.939054905951657304e+00
5.967439242907617292e+00
7.290240795318530864e+00
0.000000000000000000e+00
2.957881244992595970e+00
8.252693162344488798e+00
1.637355723254859674e+00
0.000000000000000000e+00
5.329310903481591311e+00
1.702189487795139788e+00
9.357477284648302529e+00
0.000000000000000000e+00
0.000000000000000000e+00
2.783717124740507920e+00
9.496373196727160959e+00
9.195599682001532216e+00
3.559930751863800147e+00
7.167405196366377851e+00
6.034949703072836513e+00
7.874309096052650503e+00
7.887427414932381531e+00
9.769645297913752691e-01
1.428250399313881092e+00
4.873671981341181514e+00
9.799140952025007678e+00
0.000000000000000000e+00
8.639869755179901745e+00
0.000000000000000000e+00
0.000000000000000000e+00
2.385871390018203364e+00
8.117413450871197256e+00
0.000000000000000000e+00
0.000000000000000000e+00
7.993305219567761633e+00
0.000000000000000000e+00
2.298706009087649882e+00
7.990326084495750436e+00
7.195505659314824776e+00
8.741601952223138738e+00
0.000000000000000000e+00
0.000000000000000000e+00
3.766721171227006781e+00
6.117403162090112367e+00
0.000000000000000000e+00
8.134109524299047322e+00
0.000000000000000000e+00
8.156165994050322610e+00
7.340817944798548211e+00
9.649687737241963603e+00
3.065948009856504175e+00
6.464464208500789510e+00
6.468853007060757498e+00
5.872766511017498914e+00
0.000000000000000000e+00
9.996142372008502974e+00
0.000000000000000000e+00
5.587768142866090137e+00
6.796788734008877952e+00
3.365004299616271677e+00
9.375865903059874995e+00
7.632485005477890994e+00
0.000000000000000000e+00
0.000000000000000000e+00
7.522882916780839757e+00
3.708616057570065294e+00
7.628676392466084089e+00
1.012098309733783452e+01
8.590881389032086091e+00
2.554573292948086660e+00
9.261957153318661540e+00
9.167919156478676612e+00
0.000000000000000000e+00
6.400720698912973461e+00
0.000000000000000000e+00
0.000000000000000000e+00
7.114360841161528448e+00
0.000000000000000000e+00
4.373951862205270658e+00
3.225817910840317992e+00
6.764383395541746502e+00
3.468728526379902366e+00
4.899349693007639672e+00
0.000000000000000000e+00
5.019388701622487403e+00
9.087159110244233062e+00
2.806243289046427281e-01
4.966157989766256442e+00
0.000000000000000000e+00
4.251207459990553161e+00
4.202136476103735419e+00
0.000000000000000000e+00
2.133683243625381643e+00
1.707403144815815565e+00
1.731192147673133341e+00
7.268837965965151859e+00
2.523397657694923524e+00
7.533326248097417022e+00
4.706564900727535417e+00
5.613218290447783865e+00
2.298104735456905523e+00
0.000000000000000000e+00
9.393452666977761822e+00
8.554856358539232986e+00
0.000000000000000000e+00
0.000000000000000000e+00
4.722161364610397705e+00
2.691781973533144079e+00
8.547114428487876836e+00
0.000000000000000000e+00
0.000000000000000000e+00
9.097906157131946614e+00
5.777456828142072176e+00
8.583776390604459294e+00
0.000000000000000000e+00
6.533258934521292360e+00
0.000000000000000000e+00
2.894677181643717123e+00
7.424369837775381953e+00
0.000000000000000000e+00
0.000000000000000000e+00
3.823238423046242396e+00
2.307536843602091547e+00
7.103481283378139111e-01
0.000000000000000000e+00
0.000000000000000000e+00
0.000000000000000000e+00
9.238212557772914835e+00
0.000000000000000000e+00
0.000000000000000000e+00
4.129289765380482535e+00
3.388778638832802503e+00
0.000000000000000000e+00
0.000000000000000000e+00
0.000000000000000000e+00
2.322216305316659568e+00
0.000000000000000000e+00
4.604652850300705147e+00
5.934698705772167848e+00
0.000000000000000000e+00
6.659508195321888202e+00
7.583710126624531256e+00
4.174852418536012522e+00
0.000000000000000000e+00
9.294252328238671979e+00
2.884151010655853664e+00
0.000000000000000000e+00
8.497456540887998955e+00
7.333590168033878864e-01
7.815033435328069267e+00
0.000000000000000000e+00
1.035908890683582939e+01
7.895988988565946443e+00
0.000000000000000000e+00
6.279016495441850587e+00
5.586667110666570402e+00
7.809958386185022583e+00
5.028331737968771975e+00
0.000000000000000000e+00
0.000000000000000000e+00
2.785812853606283390e+00
3.292646566796111784e+00
0.000000000000000000e+00
5.067305227920119171e-01
0.000000000000000000e+00
0.000000000000000000e+00
0.000000000000000000e+00
5.304804347239914897e+00
1.739659583006714527e+00
2.602566203388791521e+00
7.213854272460565653e+00
0.000000000000000000e+00
0.000000000000000000e+00
0.000000000000000000e+00
0.000000000000000000e+00
2.236070709293136005e+00
5.126431019476803463e+00
0.000000000000000000e+00
3.366485845342746419e+00
7.828172246253565447e+00
9.220752700777488542e+00
2.349969871730153148e+00
8.869992238063861834e+00
1.307931868652044027e+00
6.796072046207792816e+00
7.990156672103812419e+00
0.000000000000000000e+00
0.000000000000000000e+00
5.803325725811447455e+00
2.822051099515930694e+00
1.175807281866532961e+01
0.000000000000000000e+00
2.099854021392260073e+00
4.085058716376549270e+00
2.491749787122407689e+00
0.000000000000000000e+00
1.495524443922687130e+00
6.720173890801880212e+00
7.442908302568839396e+00
8.728777050606508325e+00
2.774324868419615342e+00
8.839601554473354383e+00
4.159148150637122399e+00
1.264627452324635026e+00
1.713741762632644550e+00
9.593121401790107861e-01
0.000000000000000000e+00
6.176260861842222116e-01
0.000000000000000000e+00
0.000000000000000000e+00
0.000000000000000000e+00
7.119449601421719898e+00
3.153058081768359333e+00
1.786894841813088108e+00
2.469892494171630037e+00
6.331426629090406877e+00
0.000000000000000000e+00
4.555023192959715139e+00
6.928988458606137435e+00
2.055627812190051085e+00
0.000000000000000000e+00
1.263435852281742822e+00
5.741765031307317635e+00
6.373140342606440356e+00
2.876711935045614954e+00
6.331408444693155779e+00
1.317581620091174299e+00
4.259473815964442522e+00
8.175866023928870518e+00
8.267796585469215032e+00
4.079923593935904869e+00
0.000000000000000000e+00
4.526587943641928291e+00
8.564191852183002496e+00
1.747098478134518462e+00
0.000000000000000000e+00
8.021556875984146018e+00
3.026685257337272450e+00
1.311722754743709363e-01
8.710002849476989439e+00
4.443713251829555233e+00
8.063715018513736510e+00
8.523688232099871698e+00
0.000000000000000000e+00
1.813824830675006661e+00
7.944456572278034479e+00
3.032451118418858282e+00
6.175242413348708936e+00
6.091607140885483496e+00
0.000000000000000000e+00
0.000000000000000000e+00
9.430903519520905220e+00
0.000000000000000000e+00
0.000000000000000000e+00
0.000000000000000000e+00
0.000000000000000000e+00
9.865617804223699494e+00
7.537099738793493486e+00
8.167939141125188485e+00
6.767087501726626542e+00
0.000000000000000000e+00
8.024510421787164560e+00
2.952641026621681153e+00
8.667862825288771944e+00
8.026642800087813612e+00
0.000000000000000000e+00
1.170309951580533303e+00
4.834546580573912955e+00
0.000000000000000000e+00
8.353947529255911775e-02
8.038480722459039995e+00
0.000000000000000000e+00
0.000000000000000000e+00
9.307699155985725170e+00
1.010527420985102154e+01
7.455574066733185568e+00
5.683029596851755905e+00
2.885149027189355841e+00
0.000000000000000000e+00
1.034698011642359639e+01
3.800919507871492797e+00
3.957220042936836268e+00
4.250970372201365421e+00
0.000000000000000000e+00
5.381300961564710938e+00
8.668616253158919704e+00
2.091765397473513755e+00
3.449186120226841012e+00
0.000000000000000000e+00
8.945870415804151321e+00
0.000000000000000000e+00
