5.759669345962135978e+00
6.517354534125017196e+00
4.339657352956599823e+00
1.257090520741650952e+00
4.886572429012441710e+00
7.908890728304597495e+00
3.730360068870016699e-01
6.935791999982746425e+00
5.362256994852730330e+00
8.886202860915588531e+00
7.989552111611226692e+00
5.197449350979873373e+00
9.677192677730708681e+00
5.386690225943352672e+00
1.013254072097804581e+01
8.633424815833031118e+00
4.975168262314267231e+00
3.572414945203028935e+00
9.261985766210697690e+00
6.455182112874179978e+00
9.218211219356570396e+00
5.957248205094232141e+00
7.123094596568653181e+00
1.014382551659576848e+01
6.079715688578943400e+00
5.527510665229717013e+00
3.314203373435981259e+00
9.472174708893028594e+00
9.018541374267938338e+00
3.066583623462014074e+00
1.006598100234339732e+01
6.277915487343542544e+00
1.872996286990051829e+00
5.758737618627276511e+00
1.013273427523584935e+01
6.350324565873249227e+00
7.207578213271046863e+00
8.793146167305792460e+00
8.934673275893869615e+00
6.506964687341945996e+00
8.016560601635010386e+00
6.993729631336511154e+00
8.500343303775483861e-01
5.645981309423720340e+00
1.116331197768276517e+01
9.899968159996928918e+00
3.723697631408672049e+00
4.302853606647059515e+00
6.858821374884871425e+00
8.295205103341796615e+00
7.084579495742261201e+00
8.013058076267729479e-01
9.857751861054719456e+00
5.616513293126333295e+00
1.062011055750548394e+01
8.998895561959026068e+00
7.300281533706622916e-01
7.737295140574413921e+00
3.936130023673098943e+00
2.749834634993141291e-01
5.089246270825491081e+00
7.079400054859947389e+00
4.440124477189425711e+00
6.752844790413182530e+00
9.701750775667061788e+00
6.628345083754192402e+00
9.289852234575500134e+00
9.558412455334952540e+00
9.410957271308971528e+00
1.801165467490109418e+00
7.781840353776950714e+00
1.397350796405351092e+00
5.351869593910778988e+00
5.496936376740699792e+00
3.028593086372732390e+00
1.063626097267082038e+01
6.548853881333275950e+00
6.882789611224508164e+00
7.238709538935710341e+00
4.432704489076873422e+00
6.021044353787947223e+00
7.377407578416177891e+00
7.679954138710296085e+00
7.383363297703280814e+00
1.031928823364381032e+01
5.988615995280651916e+00
1.750176095001168664e+00
1.110323523641453924e+01
2.726577266788005716e+00
9.491650539030029421e+00
5.511997165472914517e+00
7.322976046841162656e+00
8.775784458975183000e+00
1.018058011272480456e+01
9.358419465039631291e+00
3.450110489309231365e+00
5.331445160450820175e+00
3.351738712146943300e+00
1.137876988831145120e+01
1.031184867878759093e+01
8.120100034187917259e+00
8.184286126763730351e+00
7.267151891559772814e+00
5.748751910926949149e-01
8.358705583844640685e+00
8.818306053669747513e+00
9.545356666276260782e+00
8.811362285169130004e+00
2.682599087878723587e+00
9.559151615679901681e+00
5.388194109399048415e+00
1.200567959149714259e+00
4.206082366168077513e+00
9.301312615479560009e+00
1.072540281740391244e+01
6.032499326346636437e+00
4.643560955134469204e+00
9.407306628907907253e+00
6.740622536944550269e+00
2.886037311745505818e+00
8.843384663550443392e+00
9.494613677278337605e+00
9.179275528943243501e+00
8.310546801783631921e+00
8.680427609289496971e+00
3.902247886014444944e+00
3.957670211440109220e+00
9.007939398246616491e+00
8.997584358106438529e+00
8.271425194150252125e+00
1.640086227308060307e+00
9.251502106690379534e+00
9.528722813677218184e+00
5.689698171083413136e+00
8.073932655584236784e+00
1.972146912183714740e+00
9.928376205402063448e+00
9.332736102701954195e+00
9.080754360234671196e+00
8.810830179050769928e+00
8.969347027347479795e+00
8.377192462838984000e+00
6.041799589410821625e+00
8.845184327750951425e+00
8.052299453356440040e+00
1.109145166914581893e+01
7.472962342237432054e+00
9.544326823982455466e+00
9.672678899082358228e+00
9.153018040623603468e+00
7.292606333888056902e+00
9.218073819509283950e+00
1.013960183106176061e+01
9.870351738107375539e+00
7.105798737805680609e+00
9.466181757240756056e+00
9.021636026100029682e+00
1.156453130581963684e+01
2.925911466893958757e+00
6.294345353903497475e+00
5.899770258567377468e+00
5.762740639946609456e+00
8.522067138511154383e+00
9.663278485961663833e+00
2.038733474903896337e+00
9.261967743428323629e+00
9.413322422620270302e+00
9.312568664714216737e+00
1.189761068774879149e+01
8.653666542722421084e+00
7.924393725592431714e+00
9.694781203373636913e+00
9.897565864153651916e+00
9.634052240096190545e+00
9.609338702486041939e+00
7.206000801281221335e+00
1.030813176659451491e+00
8.373702993539135164e+00
9.140093813902568698e+00
9.479023031939307842e+00
9.734189116649970330e+00
5.221149491985175750e+00
9.330478650655129158e+00
1.067252159172794279e+01
9.934663770274083205e+00
3.090723754120537237e+00
9.075134261644103972e+00
5.340701048647770399e+00
1.019464307583770157e+01
1.031117047124732444e+01
1.069139193313074010e+01
1.046699332026777007e+01
8.754243747382716379e+00
1.014072223519322513e+01
7.540580811900317926e+00
5.117425524212107391e+00
4.237603208132314947e+00
9.702354394065352494e+00
8.940848433351376912e+00
4.452868420365378554e+00
9.319722232860778277e+00
3.955699017195559719e+00
8.720823245641041055e+00
1.179332253705710620e+01
1.077303307358376294e+01
6.392410777098166186e+00
5.970005109526362652e+00
4.476636969467462812e+00
4.872493282550344418e+00
4.276180746573062130e+00
5.875615500539947966e+00
7.763037692890415009e+00
7.707785658451224542e+00
6.346011198236058526e+00
1.670957537073621157e+00
7.632273194218538670e+00
5.506096362001759559e+00
9.093134838861681501e+00
1.192786790096230654e+01
7.588807180913218708e+00
4.923233162790325856e-01
4.893032072838932045e+00
8.990752107115071112e+00
5.267856109826483113e+00
6.650550793544478978e+00
3.346202195425762582e-02
6.281175548776978257e-01
6.392910024885030573e+00
4.226248718417376260e+00
1.019333738987047511e+01
5.759118088094645316e+00
6.023253576113288155e+00
7.506939027758879668e+00
6.216791569493892666e+00
6.228053554352623422e+00
3.670135512177805648e-01
1.146870502611404774e+00
5.827209055049683784e+00
7.386349616864895218e+00
9.925506617124414177e+00
9.319160483766443903e+00
7.518908517919664192e+00
4.233809945113830686e+00
4.629101331217539084e+00
6.519301425994259880e+00
8.849720955104427134e+00
9.794692087243221934e+00
7.085777283049577768e+00
4.541866780508350132e+00
8.512341532425166335e+00
8.081623764334788795e-02
8.832046565001725469e+00
1.507758615321311835e+00
3.807452911108359483e+00
9.515018541166103683e-01
6.560223519714270424e+00
4.671301729905998457e+00
6.625597951112506934e+00
4.994178858432550605e+00
7.157960863820861164e+00
3.895032953667338482e+00
7.306185806131774818e+00
5.172049508336396428e+00
3.584569722242611167e+00
5.787314395709569403e+00
4.373760766826979562e+00
1.643615197463967226e+00
7.627165728656907895e+00
5.915570342497837864e+00
8.921468861123637240e+00
1.210559838519937692e+01
7.496155750023811848e+00
2.045160863729183376e+00
9.533840179359890143e+00
8.070828459467426441e+00
8.712028508953757466e+00
3.473424002049495307e+00
8.989925442561672142e+00
6.046362937183002551e+00
6.428507768185402149e+00
8.582148541844617284e+00
5.059597961250021037e+00
6.729957089580868690e+00
1.162438168995760801e-01
9.713796703618839956e+00
7.343201052577308374e-01
2.760584309257145375e+00
7.040835446296041411e+00
6.393329584219443973e+00
5.482098471240485438e+00
7.218056705928129091e+00
1.062103645261250939e+01
8.840743007243787588e+00
2.073618759553200963e+00
4.305917265932034388e-01
7.807830252827812956e+00
5.354262821998134747e+00
3.397552637426568545e+00
7.397080482797048440e+00
8.137031553788144578e+00
8.665852598940711360e+00
6.353679750393791181e+00
8.286980608749439980e+00
7.785397570091275199e+00
6.594467540157467056e-04
4.651918466559623155e+00
4.292589209305856635e+00
5.490332882865365249e-01
9.887105884150289015e+00
8.190311393612324409e+00
5.570707302490518487e+00
6.124222774822673188e+00
3.094399932357222660e+00
4.682041223965838661e+00
1.049692103980321090e+00
5.852785023151590771e+00
5.303627505228083017e+00
2.251613568359372319e+00
8.281741092749227207e+00
5.029799519355872661e+00
1.018905168239098602e+00
6.294858897693305089e+00
7.601883476081150448e+00
3.365487593280519274e+00
9.905352593072070277e+00
9.327768400146027261e+00
9.146195438328307503e+00
8.322930338733081967e+00
8.619022304182509586e+00
2.517402356012874431e+00
9.915756197047709719e+00
8.555231438087982365e-01
1.192516394102142829e+00
1.204288001900453819e+00
3.760164989275216474e+00
3.139773630611311539e+00
2.781397879340326895e+00
1.979290235987862356e+00
4.711381959755811089e+00
1.076321206315341561e+00
2.976798146822009272e+00
1.344111943444196822e+00
1.077870411547513285e+00
6.907412610095843064e+00
1.012378267810549071e+00
6.031521358801442467e+00
5.062478074738898215e+00
6.708044157555474563e+00
1.205118180276694240e+01
1.643762363956429162e-01
7.892577203151278198e+00
2.268638691370928218e+00
5.840701086182978230e+00
5.444792304838377284e+00
9.697648903028095901e+00
6.045839572375045767e-01
2.846464172727476871e+00
5.807367357577067679e+00
1.522471910103582182e+00
2.583892416884985277e-01
2.898208127646753951e+00
2.013995694237146861e+00
4.843770944729510752e+00
8.706941707280140719e+00
2.680469259072486121e+00
6.130122286574096080e+00
8.748403631438003814e+00
2.085250444691581162e+00
3.409528982415503950e-01
7.413944150499533592e+00
7.967452097644754261e+00
6.705892574050571042e+00
1.548852409468920666e+00
8.200619658395133627e+00
2.367328637066087538e+00
1.997486053855274113e+00
9.416586801431400033e+00
6.579478313990971827e-03
8.150348709352277510e+00
3.768317246489064409e+00
5.203872114980581998e+00
3.714832387411710179e+00
8.085895526094491359e+00
6.573549254599820202e+00
8.411432351584755551e+00
2.369626501169534549e+00
5.501400004201319582e+00
6.077830876319006315e+00
8.758665149248241022e+00
5.196403090534926328e+00
7.213049858592728292e+00
1.977505928650425293e+00
7.756618426770642394e+00
3.479740439232965610e+00
3.471030435231339695e+00
4.852767970377710682e+00
2.708388209789215351e-01
6.765578281247588421e+00
4.025226305465071652e-01
7.897477181669604995e+00
9.682865063451675525e+00
7.657553215104448974e+00
6.081081418427583429e+00
5.556417011082325219e-01
2.411550055638520540e+00
8.097173822676207777e+00
4.431409429880709183e+00
5.181264849246317361e+00
8.527903582524139381e+00
9.010868035376887519e+00
5.904152917460798733e+00
9.663053437260963108e+00
8.225264573525144840e+00
7.223571787018027379e+00
5.795656303366885531e+00
7.310284247898504617e+00
6.106359602307863454e+00
4.723300881953460539e+00
2.606391950117957990e+00
9.326341481533124700e-01
5.050740227783693470e+00
8.393766435158923400e+00
7.765790954591960116e+00
2.430133178901534574e+00
4.956161054064587290e+00
4.013180244973246324e+00
3.667739430305091641e+00
6.980161684059233096e+00
6.406676331875872599e+00
9.269872682924418683e+00
1.020506578699583855e+01
4.814161316224193854e+00
6.385560524289283002e+00
5.655203844011009728e+00
4.306840015808727884e+00
5.181934301600693793e+00
4.923213996561003114e+00
6.717047749549744040e+00
8.092939334434241516e+00
2.774266699689394766e+00
5.606058618480641798e+00
7.913072215962096756e+00
9.755375847673708023e+00
9.303056728616184046e+00
4.580606480267441327e+00
9.028744035644735710e-01
9.061996512252711966e+00
1.563320680417204400e+00
9.853711659631224640e-01
2.967474927211684488e+00
4.847902781199050715e+00
6.577253381717403258e+00
7.279280693505432609e+00
1.934566461894640321e+00
8.136580552800717570e+00
4.501095756394562386e+00
3.329282857237384263e+00
6.678615536936052699e+00
5.722753501086840444e+00
7.264533039509708523e+00
1.782758284480223221e+00
2.877500991924723195e+00
7.947623236110396228e+00
8.114333131222759121e+00
5.718692382381932227e+00
9.414138761174910996e+00
6.554355651774880442e+00
2.808051193855864991e+00
6.962399892014122571e+00
3.741310226420105245e+00
1.469062048569838463e+00
6.656285727770279159e+00
1.917436813935442519e+00
2.171970588988077822e+00
1.917112367984167509e+00
7.519141636967442643e+00
6.990564296809741229e+00
6.288527063960185792e+00
4.949598374806214451e+00
2.013509282766144715e+00
5.748437474803308689e+00
9.633163455646741369e+00
8.787924802176815930e+00
1.753721693040434459e+00
1.757271325370063142e+00
6.601996433315532542e+00
3.271112423411795866e+00
2.393675691212004075e+00
3.661776116495811806e+00
1.982549590508354775e+00
8.472043106210676910e+00
7.144075376296573410e+00
3.839158059926364164e+00
8.560848241310127449e+00
2.114058494496324769e+00
3.859302026671898478e+00
5.976834899250907718e+00
3.826304931887387628e+00
5.240663561270198834e+00
6.543697355419830330e+00
9.971524191937337633e+00
8.172666535934490994e+00
1.045216374349158706e+01
5.093727159329186627e+00
5.006262765722794938e+00
2.822797331468593018e+00
7.871251881343889201e-01
1.013193042374680353e+01
5.099328540658353504e+00
3.478683965992912075e+00
9.936990757451704681e+00
4.153743254308860600e+00
2.508641314980888382e+00
6.251425280598778222e+00
8.074057641714540878e+00
3.889337646808074478e+00
6.485443206689973650e+00
1.007702638103167381e+01
3.043443200745855837e+00
3.682583332144646171e+00
1.196131993056414444e+01
1.126790043805968722e+01
9.959039736014574373e+00
3.065437330675591543e+00
3.494078701621920580e+00
2.478774584875545806e+00
8.846555747748400478e+00
2.367235221483325436e+00
1.029929250947247965e+01
8.623012561983079749e+00
9.562022221536111033e+00
8.971232487002319900e+00
9.753049838714312969e+00
6.722174707486321843e+00
8.841598498201609146e+00
7.254315367971246431e+00
6.068937408655695087e+00
6.471284438223540825e+00
1.042224312599996594e+01
4.290657974605181835e+00
2.067607408224028998e+00
6.839910560819974172e+00
6.032682509928661396e+00
7.356753366865947719e+00
3.019747823075942250e+00
1.310433388699587809e+01
1.114934479685769864e+00
5.890235943316940670e+00
3.732748441317220500e+00
7.913835087226910758e+00
4.688421361037203638e+00
7.604331004219315737e+00
9.886289620063946515e+00
3.706891839113123588e+00
2.204346723398051822e+00
6.022821426889982455e+00
5.498626143361910579e+00
3.669305373326918307e+00
6.831206402224530905e+00
6.349170180714431844e+00
2.075474738094833516e+00
7.956646363689265478e+00
8.218174889432530605e+00
9.012351972986175852e+00
2.338119502757983525e+00
1.124948119118997525e+01
1.278362756352358964e+01
2.461020461096524059e+00
5.952667291181731990e+00
8.385616333873937123e+00
5.527226479994296504e+00
7.736781585476029122e+00
2.237866882934673729e+00
6.696321464409999535e+00
4.300401216424622142e+00
6.373351565218854375e+00
9.183963779758629542e+00
5.793628789131734180e+00
1.003122993718751488e+01
8.044106531393895310e+00
3.928938433528838203e+00
3.649621256700669836e+00
1.622377379809492259e+00
5.582922023661142319e+00
7.191992238416462513e+00
3.625831233717855984e+00
8.997559562988298509e+00
7.172562581991757114e+00
5.904724172911548052e+00
5.482024664663628144e+00
5.100786263838545054e+00
1.986530362670809735e+00
6.920150863104042926e+00
1.837583086896678264e+00
5.031436505376997381e+00
9.965904165623225452e+00
7.020122024551533002e+00
6.486994337978459590e+00
3.278423777661217287e+00
2.855489299829552685e+00
7.321736326059165023e+00
1.394660035652695473e+00
8.614672639246185426e+00
6.313816032405255463e+00
1.377232595044929342e+00
5.638155027548336307e+00
7.697125461097541255e+00
2.611532208230750829e+00
6.523622107531705794e+00
8.427184125199921993e+00
8.468755756574948279e+00
8.194855705904730669e+00
6.939900425722829169e+00
8.917789365337171148e+00
8.424443241825411377e+00
7.348974345850780132e+00
9.791789081444301601e+00
8.317679395245205498e+00
7.905649194849125649e+00
7.098501223931424242e+00
3.021905434285425240e+00
7.964963447645403427e+00
7.405231598431756268e+00
9.364778584145595275e+00
9.917100920965655320e+00
5.646236439411786101e+00
6.917400885950487854e+00
8.878465666282270519e+00
5.651598944200355135e+00
5.706363674649035822e+00
6.970221524048000994e+00
7.893534664003107437e+00
6.426268996009707024e+00
6.267368867069211369e+00
3.323079578800949729e+00
1.012577153048852807e+01
5.857414754996325357e+00
9.257815445212330019e+00
1.009986396377168028e+01
2.147109828209387006e-01
2.409482474814645503e+00
8.963895837390561283e+00
9.456339813365028490e+00
4.607379502515224878e+00
4.666208239078517117e+00
6.245959718350385437e+00
8.697339038517856835e+00
3.537612462060113927e+00
9.282310512683835668e+00
8.990184751572467547e+00
8.970214936272848050e+00
1.001609137069706534e+01
8.204020400536752078e+00
5.626595492541497379e+00
8.807572444252544486e+00
3.644233041866951961e+00
9.280300148984093056e+00
6.226191499973725563e+00
1.025868694036580386e+01
6.394136939631019700e+00
4.597993306664614366e+00
8.417068468652542990e+00
7.854031504220397863e+00
9.303066264463121016e+00
9.130324410884727016e+00
8.619922643290985675e+00
3.402585897413763938e+00
7.115691697444786357e+00
8.855851203320979081e+00
1.070850665548391589e+01
7.078391520199705411e+00
8.726197314865334675e+00
7.443828081208738290e+00
1.401172231711021565e+00
8.492746290671266962e+00
8.222255726897385486e+00
9.231102785606283279e-01
8.132661813306022225e+00
9.767427470375357856e+00
7.986201281287074849e+00
1.566699006808080608e+00
4.819958772439355776e+00
3.514705498936596673e+00
6.877734141087632480e+00
1.244091533298257168e+00
9.000860114081433494e+00
4.796711950371352451e+00
9.373254859334602784e+00
9.903940228664884771e+00
8.616377864476476134e+00
8.706081450328250426e+00
7.161315926138512644e+00
5.452108392467695630e+00
6.209213198342721007e+00
6.475048092135313738e+00
5.850875371984641582e+00
4.962104320197648910e+00
7.084266222346809805e+00
7.405435151564629948e+00
1.013125798212514894e+01
5.622092292977125538e+00
1.014189430111607848e+01
7.830382427189348959e+00
7.974087715504230012e+00
4.102310219422371063e+00
5.449445828750748788e+00
4.279490047574744160e+00
6.525186543873381595e+00
1.930388952119872048e+00
8.165565532685072014e+00
6.861475576262581200e+00
9.192462884264561040e+00
8.671557444890206412e+00
1.092158822792300255e+00
5.125663304395226660e+00
1.017659943933135125e+01
8.623233816638078864e+00
3.626268655458622536e+00
8.039189219233298545e+00
9.030075089087056028e+00
8.371718365993963573e+00
6.944388429092847481e+00
9.011834118324486553e+00
7.060090068927495466e+00
9.554296574160238364e+00
9.649971980308459152e+00
7.909753745232560362e+00
1.016096025182211093e+01
8.255929920670695310e+00
8.812980771412332714e+00
9.010017333425748731e+00
9.957536722517039252e+00
9.662599515350560608e+00
8.813864703415475788e+00
1.009748173024519424e+01
7.971766460994240688e+00
8.669418348422277987e+00
8.479026805764252828e+00
6.938719354212062207e+00
8.707947786187387962e+00
9.040081113881567987e+00
1.524795068709825063e+00
5.039040155894467965e+00
9.439744007937328263e+00
6.250565131402033847e-01
8.690999084165566657e+00
1.075414085424183952e+01
9.153612099977472383e+00
9.267868987875916176e+00
7.138672820125032459e+00
4.943932944059560297e-01
8.306690223181604438e+00
8.264933593486249563e+00
4.203221317104276267e+00
8.235392571882400148e+00
7.854770721551040502e+00
8.946424542228479382e+00
8.060855882540124639e+00
9.691048625534483207e+00
9.075646334968681117e+00
8.525462167955270232e+00
9.953441622210130291e+00
8.983552104523232273e+00
6.544439840691028465e+00
1.015879438887705000e+01
5.087548293249933629e+00
9.801585259769492353e+00
9.659158630229294218e+00
7.461763407613688948e+00
1.107800761961179248e+01
8.312966320100882101e+00
4.606676022608463761e+00
2.372635262119661803e+00
9.920268021451475349e+00
8.674474745797873254e+00
8.197771992003355379e+00
1.054268260717227257e+01
9.501353269286594738e+00
6.453106927652580538e+00
8.914167406254422943e+00
9.359262467944343911e+00
8.954004208214930927e+00
1.043434620300415183e+01
9.692220574197745186e-01
2.926178558509685779e+00
1.156951038655107666e+01
7.230801610018245285e+00
7.069372134504451566e+00
6.510872927076799321e+00
9.122082692994780473e+00
8.563764578446818376e+00
8.431977330720542341e+00
5.950445697464213701e+00
9.258990318710864642e+00
9.330721887567761996e+00
9.232955877887413010e+00
9.021072421468371516e+00
8.080567469583523899e-01
9.608010273191849748e+00
7.878763251599064432e+00
9.666973028852535066e+00
8.840829882047472665e+00
5.714709269178628759e+00
1.070904446096254858e+01
9.360297216976679380e+00
6.018035956436859735e+00
8.781554252386984061e+00
6.767776905935533271e+00
8.859249057340809586e+00
9.045350117026275782e+00
9.720745858616819390e-01
9.457943004038673607e+00
9.169879020191121555e+00
2.235193279010850631e+00
3.405815527283885036e+00
1.069085793115232086e+01
9.629976265530965307e+00
1.013215453303612179e+01
8.507745773425085645e+00
7.181206141621565564e+00
1.104809851139258647e+01
9.328966085549192044e+00
9.734682135883788945e+00
3.161492893264196802e+00
8.584403062873702694e+00
5.496934036501465393e+00
9.825245918952338897e+00
8.158500622825037851e+00
2.088669398054376458e+00
3.537003958197729503e+00
9.782223683343410414e+00
6.089801816107689447e+00
9.083787949016107532e+00
4.704466836479195280e+00
7.189098413188467873e+00
8.322984677576275914e+00
9.752897312377697858e+00
8.742352591829805064e-01
7.838179615357096175e+00
6.828863258735233366e+00
6.433467357303565670e+00
5.393466371073447618e+00
6.551516594400012217e+00
4.666056764854531025e+00
7.579635568962389769e+00
8.282679599844909646e+00
1.118810558866881522e+01
1.124152659703899637e+01
7.247195759805388882e+00
8.940893159606432050e+00
1.048566818227690689e+01
8.889925080041166439e+00
5.247383181588456402e-01
1.010520745784619479e+01
8.171649866101533988e+00
5.181778397824018612e+00
8.420331967555210184e+00
4.626512968442683338e+00
8.208087924181921125e+00
4.272900104055842085e+00
8.888013864806614706e+00
9.923295940560722173e+00
4.655272046609124637e+00
1.026798627978607570e+01
8.125555008940962054e+00
9.660456634415657717e+00
5.656293812987406078e+00
8.916632659883999779e+00
9.373801386030811145e+00
7.392222447913415984e+00
5.539595554699021207e+00
6.854841253296709347e+00
8.103329624363379224e+00
8.740276384093144557e+00
6.668104138940316616e+00
7.361070133612758859e+00
8.268718648307419983e+00
5.188920930938618170e+00
8.888172194135195880e+00
1.018264865722127688e+01
1.063069059569139263e+01
7.832578718412948504e+00
9.297243129883449697e+00
3.429391390708877552e+00
7.609108529026657131e+00
9.378591555152336667e+00
6.516991564492995437e+00
5.283111568685484372e+00
8.880712476469540206e+00
1.014625070163597442e+01
7.695972085100915017e+00
9.178134951739464142e+00
9.345210994042341568e+00
9.625159227264143524e+00
1.040210541082878137e+01
6.344521988828173420e+00
9.928522121244149901e+00
8.589559555495528187e+00
6.422300408815282857e+00
1.188237575981947813e+01
6.342674301947143434e+00
4.705534890952923099e+00
1.062542343892116570e+01
7.709332956984021656e+00
3.849547543613784928e-02
8.482598328373468277e+00
8.763016726530080902e+00
8.998129932166188283e+00
8.573003802580380750e+00
8.490199138308479831e+00
8.867928505706505149e+00
7.463301597654935726e+00
9.244811036393203452e+00
6.610552308059080673e+00
8.326495206149479245e+00
3.582315903388740619e+00
7.835332854614555309e+00
7.414961828161092505e+00
6.660050530170737559e+00
6.467746343045911672e+00
9.536011727404542171e+00
8.684813453007166117e+00
8.539274204414249780e+00
8.296961786843700892e+00
9.415214579659373584e+00
6.585500658672137853e+00
1.005073548301086639e+01
1.025741752538415774e+01
6.588605888358496365e+00
2.276477083113509714e+00
6.501257909845725713e+00
7.366202893481401226e+00
1.015429598531311939e+01
8.980208404877757289e+00
7.365310233283794084e+00
7.296211795368398256e+00
8.119910307385707071e+00
7.659170148885211304e+00
8.643610063963226509e+00
9.112764352890534880e+00
4.688614862212407530e+00
8.545784937263801950e+00
9.023027395051801847e+00
7.884505256310065491e+00
9.418861468687998340e+00
8.719641717388871172e+00
6.708997783983285501e+00
9.080874451171114359e+00
1.173883154554368780e+01
8.596015959899963477e+00
9.546554529664643240e+00
9.388923715777700352e+00
1.360847943707153007e+00
6.829236965113189228e+00
8.718106286606733590e+00
7.055148581958662568e+00
9.013116871707456568e+00
7.483898072614953101e+00
4.294386848322299777e+00
6.020554522058635172e+00
8.948461405255219603e+00
3.104497879894213330e+00
4.257509253925066517e+00
3.678604645631114334e+00
4.894187965332632118e+00
9.247855188939501758e+00
8.676118957999950254e+00
9.136592947088232108e+00
9.066991769410027047e+00
8.005481717884695314e+00
1.110124682734509527e+01
7.398639240159733177e+00
9.723698655828949100e+00
9.899376894385110148e+00
5.324863555177900665e+00
7.349870695184068659e+00
9.050490383130087579e+00
5.874863169982425859e+00
2.994590054983712779e+00
8.631737747767559199e+00
7.023493755356765789e+00
3.468209705304519108e+00
1.044921874290693609e+01
1.037506386391672031e+01
7.936657906100575310e+00
7.339150446009115036e+00
1.101564781357290101e+01
6.885377826925392242e+00
9.416150123310544018e+00
9.533357527905419460e+00
7.996904353394821641e+00
9.157659546595017019e+00
4.678865452727956509e+00
9.033889769878753029e+00
9.500947963700475896e+00
8.339137125623212299e+00
7.910711856668241282e+00
6.189628182083174224e+00
9.343387684373794855e+00
1.179668619595690471e+00
