0.000000000000000000e+00
0.000000000000000000e+00
0.000000000000000000e+00
3.007796768746518801e+00
0.000000000000000000e+00
1.009779356496172653e+01
0.000000000000000000e+00
0.000000000000000000e+00
0.000000000000000000e+00
0.000000000000000000e+00
0.000000000000000000e+00
0.000000000000000000e+00
0.000000000000000000e+00
5.053724697991800241e+00
1.171753344323242407e+00
0.000000000000000000e+00
2.171881722865726339e+00
0.000000000000000000e+00
7.898721548988061336e-01
0.000000000000000000e+00
3.461560957309763875e-01
0.000000000000000000e+00
1.273644253281370986e+01
0.000000000000000000e+00
0.000000000000000000e+00
1.314672504813754417e+00
0.000000000000000000e+00
0.000000000000000000e+00
3.809565086680822610e+00
0.000000000000000000e+00
7.002414220232221709e+00
0.000000000000000000e+00
0.000000000000000000e+00
0.000000000000000000e+00
0.000000000000000000e+00
0.000000000000000000e+00
0.000000000000000000e+00
0.000000000000000000e+00
2.911897629190837167e-01
4.971574830450204097e+00
0.000000000000000000e+00
0.000000000000000000e+00
0.000000000000000000e+00
0.000000000000000000e+00
0.000000000000000000e+00
0.000000000000000000e+00
0.000000000000000000e+00
1.608913044168974738e+00
0.000000000000000000e+00
6.375804942445974177e+00
0.000000000000000000e+00
0.000000000000000000e+00
7.343158785064996863e+00
0.000000000000000000e+00
0.000000000000000000e+00
0.000000000000000000e+00
0.000000000000000000e+00
0.000000000000000000e+00
9.748632395483356916e+00
0.000000000000000000e+00
0.000000000000000000e+00
0.000000000000000000e+00
0.000000000000000000e+00
0.000000000000000000e+00
1.459000078411094137e+00
1.143072716609869754e+00
0.000000000000000000e+00
0.000000000000000000e+00
1.980214127700205884e+00
1.746944468093128755e+00
0.000000000000000000e+00
0.000000000000000000e+00
0.000000000000000000e+00
0.000000000000000000e+00
0.000000000000000000e+00
1.068524553044567327e+01
8.934302315912748815e-01
0.000000000000000000e+00
6.537543835168252215e+00
0.000000000000000000e+00
2.388195736735593933e+00
0.000000000000000000e+00
1.422330223446298003e+00
0.000000000000000000e+00
0.000000000000000000e+00
0.000000000000000000e+00
0.000000000000000000e+00
0.000000000000000000e+00
0.000000000000000000e+00
6.513141739920207396e-01
2.687194772340123272e+00
2.518010635831389621e+00
2.654797555486161365e+00
4.457341660430105712e+00
2.016091319967579398e+00
0.000000000000000000e+00
0.000000000000000000e+00
0.000000000000000000e+00
3.864383054840787590e+00
5.483364498597929959e+00
0.000000000000000000e+00
3.869699733515272744e+00
0.000000000000000000e+00
4.071621902389791492e-01
1.413132700516313678e+00
8.320915193377194541e+00
8.012535145607129650e+00
9.942440040231142362e+00
2.977905034998087785e+00
0.000000000000000000e+00
0.000000000000000000e+00
0.000000000000000000e+00
0.000000000000000000e+00
3.747910285861769886e+00
0.000000000000000000e+00
2.952975764352154364e+00
2.371076576087764565e+00
0.000000000000000000e+00
0.000000000000000000e+00
0.000000000000000000e+00
2.504433130545405728e+00
0.000000000000000000e+00
0.000000000000000000e+00
0.000000000000000000e+00
0.000000000000000000e+00
0.000000000000000000e+00
0.000000000000000000e+00
0.000000000000000000e+00
1.730208945841071877e+00
1.164719209106039166e+01
8.441077893442414659e-01
0.000000000000000000e+00
0.000000000000000000e+00
0.000000000000000000e+00
1.549553743221019131e+00
0.000000000000000000e+00
3.242937701641015469e+00
0.000000000000000000e+00
0.000000000000000000e+00
0.000000000000000000e+00
0.000000000000000000e+00
0.000000000000000000e+00
0.000000000000000000e+00
0.000000000000000000e+00
1.080674750612798540e+01
4.811251612614998230e+00
0.000000000000000000e+00
0.000000000000000000e+00
0.000000000000000000e+00
3.225962239151611399e+00
4.618743946928522526e+00
8.859681141255220993e+00
4.929743718008733344e-01
6.716904237577712156e-01
7.557277611676983753e+00
6.098992418453970110e+00
4.385668752557659644e+00
0.000000000000000000e+00
0.000000000000000000e+00
8.158315674274428275e+00
2.452043077755469369e+00
0.000000000000000000e+00
5.638284643235524030e+00
0.000000000000000000e+00
5.537895181961751234e+00
4.782914621935820065e+00
1.421517386481370604e+00
0.000000000000000000e+00
0.000000000000000000e+00
6.288462343855418801e-01
1.343261267440127638e+00
0.000000000000000000e+00
0.000000000000000000e+00
0.000000000000000000e+00
0.000000000000000000e+00
0.000000000000000000e+00
0.000000000000000000e+00
0.000000000000000000e+00
1.200920681634296194e+01
7.329955389051865389e-01
0.000000000000000000e+00
0.000000000000000000e+00
0.000000000000000000e+00
0.000000000000000000e+00
0.000000000000000000e+00
0.000000000000000000e+00
6.064105350191661969e-01
0.000000000000000000e+00
7.690922787495966695e+00
0.000000000000000000e+00
0.000000000000000000e+00
0.000000000000000000e+00
2.708073188820236510e+00
0.000000000000000000e+00
0.000000000000000000e+00
0.000000000000000000e+00
2.250966505850364285e+00
0.000000000000000000e+00
4.853708747155067726e+00
5.443624052863482277e+00
0.000000000000000000e+00
2.735836583854355020e+00
0.000000000000000000e+00
0.000000000000000000e+00
3.359842604913924724e+00
0.000000000000000000e+00
2.892683093006471307e+00
0.000000000000000000e+00
0.000000000000000000e+00
0.000000000000000000e+00
0.000000000000000000e+00
0.000000000000000000e+00
0.000000000000000000e+00
0.000000000000000000e+00
0.000000000000000000e+00
1.968027152996201679e+00
0.000000000000000000e+00
0.000000000000000000e+00
0.000000000000000000e+00
0.000000000000000000e+00
0.000000000000000000e+00
0.000000000000000000e+00
0.000000000000000000e+00
0.000000000000000000e+00
2.891002372631548134e-01
0.000000000000000000e+00
0.000000000000000000e+00
0.000000000000000000e+00
1.564656507035520061e+00
0.000000000000000000e+00
1.986867051948361995e+00
7.889952816194418794e-01
0.000000000000000000e+00
0.000000000000000000e+00
0.000000000000000000e+00
2.892945789695763992e+00
0.000000000000000000e+00
0.000000000000000000e+00
6.577649287772624476e-01
0.000000000000000000e+00
1.576953453968129804e+00
0.000000000000000000e+00
0.000000000000000000e+00
5.697292835478680928e+00
0.000000000000000000e+00
0.000000000000000000e+00
0.000000000000000000e+00
0.000000000000000000e+00
0.000000000000000000e+00
0.000000000000000000e+00
0.000000000000000000e+00
0.000000000000000000e+00
0.000000000000000000e+00
7.607536416479326880e-01
1.548758139966890379e+00
0.000000000000000000e+00
2.943844834528401400e+00
0.000000000000000000e+00
0.000000000000000000e+00
0.000000000000000000e+00
0.000000000000000000e+00
0.000000000000000000e+00
0.000000000000000000e+00
0.000000000000000000e+00
4.231133888812598443e+00
0.000000000000000000e+00
0.000000000000000000e+00
3.656814133784904719e+00
0.000000000000000000e+00
0.000000000000000000e+00
0.000000000000000000e+00
2.652681787172831207e+00
0.000000000000000000e+00
5.124866569397133809e+00
0.000000000000000000e+00
0.000000000000000000e+00
0.000000000000000000e+00
0.000000000000000000e+00
0.000000000000000000e+00
6.647053317890612156e-01
0.000000000000000000e+00
0.000000000000000000e+00
0.000000000000000000e+00
0.000000000000000000e+00
0.000000000000000000e+00
1.417145067837846817e+01
0.000000000000000000e+00
2.003413198149891272e+00
0.000000000000000000e+00
0.000000000000000000e+00
0.000000000000000000e+00
0.000000000000000000e+00
0.000000000000000000e+00
0.000000000000000000e+00
0.000000000000000000e+00
1.133189671534839515e+00
4.470057944068009270e+00
9.962706663274648378e+00
0.000000000000000000e+00
0.000000000000000000e+00
0.000000000000000000e+00
0.000000000000000000e+00
0.000000000000000000e+00
4.255735419916435447e+00
2.032966346045329553e-01
2.978861767615484268e+00
0.000000000000000000e+00
0.000000000000000000e+00
0.000000000000000000e+00
4.489791839735061352e+00
0.000000000000000000e+00
2.469903633055253511e+00
1.795012577087312433e+00
1.187910651698539377e+00
0.000000000000000000e+00
0.000000000000000000e+00
0.000000000000000000e+00
4.633126300706211786e+00
7.787571887470471133e+00
1.604101670620804221e+00
6.979151758472842637e+00
0.000000000000000000e+00
0.000000000000000000e+00
5.203558886167308550e+00
0.000000000000000000e+00
7.194027931410586163e+00
0.000000000000000000e+00
0.000000000000000000e+00
8.236258355728637293e-01
0.000000000000000000e+00
0.000000000000000000e+00
4.160440599526096239e-01
0.000000000000000000e+00
0.000000000000000000e+00
6.247547611109359522e+00
6.026063996721371829e+00
5.725009983530870983e+00
0.000000000000000000e+00
1.277090012395006191e+00
0.000000000000000000e+00
0.000000000000000000e+00
8.833013583428106941e+00
1.180662187530733931e+00
0.000000000000000000e+00
8.560164480318148250e+00
2.122893512996065768e-01
1.295422361998039129e+01
0.000000000000000000e+00
4.247331660329452419e+00
0.000000000000000000e+00
0.000000000000000000e+00
7.259775188425930281e+00
0.000000000000000000e+00
5.733213405384482542e+00
1.901792079626398957e+00
1.591960683181714797e+00
0.000000000000000000e+00
0.000000000000000000e+00
0.000000000000000000e+00
2.961984689739986187e+00
0.000000000000000000e+00
5.658275589945320760e+00
0.000000000000000000e+00
1.811683683219346364e+00
7.486194157301245156e+00
2.519791225522304501e+00
8.913347257680950264e+00
6.229211678466982427e+00
1.809540266071243630e+00
2.179136233923205435e+00
0.000000000000000000e+00
0.000000000000000000e+00
0.000000000000000000e+00
2.274698335694431695e+00
0.000000000000000000e+00
3.980393478378657868e+00
0.000000000000000000e+00
6.411118424567777474e+00
0.000000000000000000e+00
1.056332583777408018e+00
1.048271948091547223e+00
1.746455192225480602e+01
6.162234231973959808e+00
5.411603945166758578e+00
0.000000000000000000e+00
0.000000000000000000e+00
3.484950050225189777e+00
0.000000000000000000e+00
0.000000000000000000e+00
0.000000000000000000e+00
3.770796768277501432e+00
0.000000000000000000e+00
1.320778347083129134e+00
0.000000000000000000e+00
4.410590236950207021e+00
0.000000000000000000e+00
0.000000000000000000e+00
4.533243670123624725e+00
0.000000000000000000e+00
0.000000000000000000e+00
0.000000000000000000e+00
2.511261205466873481e+00
0.000000000000000000e+00
2.194231997125921207e+00
0.000000000000000000e+00
8.846341108481089677e+00
4.821547966864304868e+00
0.000000000000000000e+00
5.759386146183169686e+00
0.000000000000000000e+00
0.000000000000000000e+00
1.490073636489935627e+00
4.310151994230806416e+00
1.460276224888042051e+01
7.255250550994111869e+00
0.000000000000000000e+00
3.934865267994641425e+00
3.062803288080199415e+00
4.439004907396767230e+00
0.000000000000000000e+00
1.979327272266113713e-01
0.000000000000000000e+00
0.000000000000000000e+00
8.529294173399257772e-01
0.000000000000000000e+00
0.000000000000000000e+00
0.000000000000000000e+00
2.787710294870472172e+00
6.459141764783258743e+00
0.000000000000000000e+00
3.777493678015556577e-01
1.354808975303828600e+00
0.000000000000000000e+00
7.965194693972006412e+00
0.000000000000000000e+00
9.291832003954784369e+00
7.183757714669771310e+00
1.698032195348861606e+01
7.922269458684474408e+00
0.000000000000000000e+00
3.031548940534759540e-01
0.000000000000000000e+00
2.103053288749384464e+00
0.000000000000000000e+00
3.887019156372812034e+00
6.341510770687739829e+00
0.000000000000000000e+00
0.000000000000000000e+00
0.000000000000000000e+00
3.301184626137763534e+00
9.431370711585080002e+00
0.000000000000000000e+00
4.622397507437732145e+00
3.867853405287142721e+00
0.000000000000000000e+00
0.000000000000000000e+00
0.000000000000000000e+00
0.000000000000000000e+00
8.704148332815195843e-01
0.000000000000000000e+00
0.000000000000000000e+00
5.339888644579819932e+00
0.000000000000000000e+00
7.333065542000829495e+00
0.000000000000000000e+00
8.596915669443888630e-01
7.492630863092357707e-01
1.014314078478804149e+01
0.000000000000000000e+00
2.661439821843623044e+00
4.075473769581665628e+00
1.477740479257246342e+01
1.671017649120299708e+00
0.000000000000000000e+00
0.000000000000000000e+00
0.000000000000000000e+00
4.958086369402954774e-01
0.000000000000000000e+00
0.000000000000000000e+00
9.544255285803465938e+00
0.000000000000000000e+00
2.322988151118681177e-01
5.894398734177681121e+00
0.000000000000000000e+00
0.000000000000000000e+00
0.000000000000000000e+00
3.019687676506245921e+00
0.000000000000000000e+00
0.000000000000000000e+00
0.000000000000000000e+00
3.927023487270778102e+00
2.558868946190354876e+00
0.000000000000000000e+00
7.597120727860088074e+00
0.000000000000000000e+00
0.000000000000000000e+00
9.302932807960170081e+00
0.000000000000000000e+00
8.586824403899996128e+00
0.000000000000000000e+00
5.273386951119356070e+00
0.000000000000000000e+00
0.000000000000000000e+00
3.538690700990712479e+00
4.132508832896696127e+00
0.000000000000000000e+00
0.000000000000000000e+00
5.588763292818774708e+00
0.000000000000000000e+00
1.858602255341912368e-01
6.111205069092870978e+00
0.000000000000000000e+00
6.774677308684618815e+00
7.360169415017630001e+00
1.013421663332465528e-01
1.185781535927517449e+00
2.793798998753319385e+00
1.743086793988235961e+00
2.294936686880496346e+00
0.000000000000000000e+00
0.000000000000000000e+00
1.165450554275061945e+00
4.349243149589064217e+00
4.283898840543657549e+00
3.365485375559947201e+00
2.289110203085710449e+00
2.853001109217466080e+00
0.000000000000000000e+00
0.000000000000000000e+00
0.000000000000000000e+00
2.366924843813281054e+00
2.962430925120879355e+00
0.000000000000000000e+00
0.000000000000000000e+00
0.000000000000000000e+00
4.280785724851625673e-01
4.992738733717008159e+00
6.890107051382721615e+00
8.339764616756554005e+00
0.000000000000000000e+00
9.216261501627132091e-02
1.645030983628167132e+00
2.649479247419115335e+00
2.011771740400796205e+00
0.000000000000000000e+00
0.000000000000000000e+00
1.285460000623533716e+01
0.000000000000000000e+00
3.551908264693786066e+00
6.100647917020891597e+00
0.000000000000000000e+00
0.000000000000000000e+00
3.415022335284264798e+00
6.531572335422860753e+00
3.891082797403367266e+00
3.213396541762265635e+00
0.000000000000000000e+00
4.892789350608981458e+00
1.193174550542866008e+01
1.545416259181516772e+01
4.420358594921389717e+00
1.884072985111599596e+00
0.000000000000000000e+00
1.329844762966692606e+01
4.070087501798003160e+00
1.056056779089017184e+01
3.574623535679101849e+00
2.671294106094710408e-01
0.000000000000000000e+00
8.700232374975869210e-01
7.213313502757126017e+00
5.775100233439294684e+00
0.000000000000000000e+00
0.000000000000000000e+00
0.000000000000000000e+00
2.305820923964374547e-01
0.000000000000000000e+00
0.000000000000000000e+00
2.818234106155499408e+00
2.131939015487471778e+00
6.463066116862265176e+00
6.642034537436019903e+00
6.116881460687394467e-01
5.363501540962302805e+00
6.388905496051751953e+00
0.000000000000000000e+00
2.801130116350645238e-01
4.671649506544336639e+00
0.000000000000000000e+00
3.736546513071787423e+00
0.000000000000000000e+00
0.000000000000000000e+00
0.000000000000000000e+00
2.499038744272819024e+00
0.000000000000000000e+00
2.821079759559093958e+00
3.696619084590328619e+00
4.896846285108822805e+00
0.000000000000000000e+00
1.478361099204162254e+00
0.000000000000000000e+00
0.000000000000000000e+00
0.000000000000000000e+00
0.000000000000000000e+00
0.000000000000000000e+00
0.000000000000000000e+00
0.000000000000000000e+00
0.000000000000000000e+00
0.000000000000000000e+00
0.000000000000000000e+00
0.000000000000000000e+00
0.000000000000000000e+00
1.008239183019791163e+01
0.000000000000000000e+00
9.862300944063688846e+00
0.000000000000000000e+00
0.000000000000000000e+00
0.000000000000000000e+00
0.000000000000000000e+00
8.305282578657280368e+00
0.000000000000000000e+00
5.450775565997150629e+00
8.213701774206424444e-01
8.498239635278033166e-01
0.000000000000000000e+00
0.000000000000000000e+00
5.909220709845012465e+00
4.529744610429317753e+00
7.016822857399162672e+00
0.000000000000000000e+00
0.000000000000000000e+00
0.000000000000000000e+00
1.275549962057500597e+00
0.000000000000000000e+00
7.369125278319244465e+00
0.000000000000000000e+00
0.000000000000000000e+00
0.000000000000000000e+00
0.000000000000000000e+00
7.794876604114804763e+00
3.545798406309338624e+00
0.000000000000000000e+00
0.000000000000000000e+00
1.615913687999879667e+00
0.000000000000000000e+00
1.185505677518111334e+01
0.000000000000000000e+00
7.009459303041434275e-01
5.441721960739219988e+00
3.415295079629014019e+00
0.000000000000000000e+00
5.178913631358103231e+00
0.000000000000000000e+00
0.000000000000000000e+00
0.000000000000000000e+00
0.000000000000000000e+00
0.000000000000000000e+00
0.000000000000000000e+00
3.529758978369180067e+00
0.000000000000000000e+00
0.000000000000000000e+00
0.000000000000000000e+00
0.000000000000000000e+00
0.000000000000000000e+00
1.080374242286927355e+01
1.003599634267601282e+01
0.000000000000000000e+00
0.000000000000000000e+00
3.801131215074418979e+00
1.047932056434545522e+01
0.000000000000000000e+00
0.000000000000000000e+00
0.000000000000000000e+00
0.000000000000000000e+00
0.000000000000000000e+00
0.000000000000000000e+00
0.000000000000000000e+00
1.049889593722909797e+00
0.000000000000000000e+00
0.000000000000000000e+00
0.000000000000000000e+00
4.499029221562755865e-02
0.000000000000000000e+00
0.000000000000000000e+00
0.000000000000000000e+00
0.000000000000000000e+00
0.000000000000000000e+00
0.000000000000000000e+00
0.000000000000000000e+00
0.000000000000000000e+00
0.000000000000000000e+00
0.000000000000000000e+00
0.000000000000000000e+00
0.000000000000000000e+00
3.328678311744857510e+00
0.000000000000000000e+00
0.000000000000000000e+00
0.000000000000000000e+00
9.137359282738179989e-01
0.000000000000000000e+00
0.000000000000000000e+00
4.459841743605000630e+00
0.000000000000000000e+00
9.630005707564246009e+00
0.000000000000000000e+00
0.000000000000000000e+00
0.000000000000000000e+00
2.909417614647096251e+00
5.277534034023870779e-01
0.000000000000000000e+00
0.000000000000000000e+00
0.000000000000000000e+00
0.000000000000000000e+00
6.227182454939931056e+00
0.000000000000000000e+00
4.962223005161646050e+00
0.000000000000000000e+00
0.000000000000000000e+00
0.000000000000000000e+00
2.752939701172754106e+00
0.000000000000000000e+00
2.500684475226991221e+00
2.499544437722348800e+00
0.000000000000000000e+00
4.887823141831931117e+00
0.000000000000000000e+00
0.000000000000000000e+00
0.000000000000000000e+00
0.000000000000000000e+00
0.000000000000000000e+00
0.000000000000000000e+00
0.000000000000000000e+00
0.000000000000000000e+00
1.752469026754447379e+00
0.000000000000000000e+00
0.000000000000000000e+00
5.761401194496539979e+00
2.343815301876478241e+00
0.000000000000000000e+00
0.000000000000000000e+00
0.000000000000000000e+00
3.089842257232011669e+00
0.000000000000000000e+00
0.000000000000000000e+00
0.000000000000000000e+00
0.000000000000000000e+00
0.000000000000000000e+00
0.000000000000000000e+00
0.000000000000000000e+00
0.000000000000000000e+00
6.564927609997639912e+00
0.000000000000000000e+00
0.000000000000000000e+00
9.671535623612784738e-01
2.722244345142787125e+00
6.008615303789626161e-01
8.361853600971508982e+00
2.240734690306458887e+00
0.000000000000000000e+00
0.000000000000000000e+00
3.697305667131973284e+00
0.000000000000000000e+00
3.954121576436813612e+00
5.499752491351108219e+00
0.000000000000000000e+00
0.000000000000000000e+00
4.072875114108247097e+00
0.000000000000000000e+00
0.000000000000000000e+00
0.000000000000000000e+00
0.000000000000000000e+00
0.000000000000000000e+00
3.512909899430971983e+00
1.913790253258873530e-02
0.000000000000000000e+00
0.000000000000000000e+00
0.000000000000000000e+00
0.000000000000000000e+00
1.044157222194203882e+01
7.035017395349893121e+00
2.268767876744739898e+00
0.000000000000000000e+00
1.392515171043531286e+00
0.000000000000000000e+00
0.000000000000000000e+00
0.000000000000000000e+00
0.000000000000000000e+00
0.000000000000000000e+00
1.871438909936013584e+00
0.000000000000000000e+00
6.334851480138893320e-01
0.000000000000000000e+00
0.000000000000000000e+00
0.000000000000000000e+00
4.186470563857828786e+00
0.000000000000000000e+00
0.000000000000000000e+00
0.000000000000000000e+00
4.675321829358874970e-01
0.000000000000000000e+00
0.000000000000000000e+00
0.000000000000000000e+00
0.000000000000000000e+00
0.000000000000000000e+00
0.000000000000000000e+00
0.000000000000000000e+00
1.588274499053687672e+00
1.516608351244300490e+00
0.000000000000000000e+00
0.000000000000000000e+00
0.000000000000000000e+00
0.000000000000000000e+00
0.000000000000000000e+00
0.000000000000000000e+00
0.000000000000000000e+00
0.000000000000000000e+00
1.969803432421571632e+00
0.000000000000000000e+00
0.000000000000000000e+00
0.000000000000000000e+00
7.028685135824902730e+00
0.000000000000000000e+00
3.195459417549367576e+00
0.000000000000000000e+00
3.034067910624582254e+00
0.000000000000000000e+00
0.000000000000000000e+00
0.000000000000000000e+00
0.000000000000000000e+00
0.000000000000000000e+00
0.000000000000000000e+00
0.000000000000000000e+00
0.000000000000000000e+00
0.000000000000000000e+00
0.000000000000000000e+00
0.000000000000000000e+00
0.000000000000000000e+00
0.000000000000000000e+00
0.000000000000000000e+00
2.813899499932969839e+00
0.000000000000000000e+00
0.000000000000000000e+00
7.016348408001437775e+00
2.929439197295172770e-01
0.000000000000000000e+00
2.528778036270714846e+00
0.000000000000000000e+00
0.000000000000000000e+00
0.000000000000000000e+00
0.000000000000000000e+00
0.000000000000000000e+00
0.000000000000000000e+00
0.000000000000000000e+00
3.191774392381224956e+00
0.000000000000000000e+00
0.000000000000000000e+00
0.000000000000000000e+00
0.000000000000000000e+00
0.000000000000000000e+00
0.000000000000000000e+00
2.787318697920867727e+00
0.000000000000000000e+00
0.000000000000000000e+00
0.000000000000000000e+00
0.000000000000000000e+00
0.000000000000000000e+00
0.000000000000000000e+00
0.000000000000000000e+00
0.000000000000000000e+00
1.539882659601109260e+00
0.000000000000000000e+00
0.000000000000000000e+00
0.000000000000000000e+00
0.000000000000000000e+00
0.000000000000000000e+00
0.000000000000000000e+00
1.274472397769145005e+00
0.000000000000000000e+00
0.000000000000000000e+00
0.000000000000000000e+00
0.000000000000000000e+00
0.000000000000000000e+00
3.711468347984121952e+00
0.000000000000000000e+00
0.000000000000000000e+00
1.733779990384364700e+00
0.000000000000000000e+00
0.000000000000000000e+00
0.000000000000000000e+00
0.000000000000000000e+00
0.000000000000000000e+00
0.000000000000000000e+00
0.000000000000000000e+00
0.000000000000000000e+00
0.000000000000000000e+00
0.000000000000000000e+00
4.840479950538011167e+00
0.000000000000000000e+00
0.000000000000000000e+00
0.000000000000000000e+00
0.000000000000000000e+00
0.000000000000000000e+00
0.000000000000000000e+00
0.000000000000000000e+00
0.000000000000000000e+00
0.000000000000000000e+00
1.809734285278743249e+00
0.000000000000000000e+00
0.000000000000000000e+00
0.000000000000000000e+00
0.000000000000000000e+00
6.660738858765742343e-01
0.000000000000000000e+00
6.443306978532602258e+00
3.561144567452037002e-01
0.000000000000000000e+00
4.180656546381762428e-01
0.000000000000000000e+00
0.000000000000000000e+00
0.000000000000000000e+00
0.000000000000000000e+00
0.000000000000000000e+00
5.668534766664501845e+00
3.995748707693755897e-01
0.000000000000000000e+00
3.232003606193634138e-02
0.000000000000000000e+00
0.000000000000000000e+00
0.000000000000000000e+00
3.001603171111466573e+00
5.915507698286269767e-01
0.000000000000000000e+00
0.000000000000000000e+00
0.000000000000000000e+00
0.000000000000000000e+00
0.000000000000000000e+00
0.000000000000000000e+00
0.000000000000000000e+00
6.974430083974901828e-01
0.000000000000000000e+00
0.000000000000000000e+00
0.000000000000000000e+00
0.000000000000000000e+00
0.000000000000000000e+00
0.000000000000000000e+00
0.000000000000000000e+00
0.000000000000000000e+00
0.000000000000000000e+00
5.744879703690433992e+00
0.000000000000000000e+00
0.000000000000000000e+00
0.000000000000000000e+00
0.000000000000000000e+00
0.000000000000000000e+00
0.000000000000000000e+00
1.223759848060816147e+01
0.000000000000000000e+00
0.000000000000000000e+00
0.000000000000000000e+00
0.000000000000000000e+00
0.000000000000000000e+00
0.000000000000000000e+00
0.000000000000000000e+00
1.817223994003330567e+00
0.000000000000000000e+00
0.000000000000000000e+00
0.000000000000000000e+00
0.000000000000000000e+00
0.000000000000000000e+00
0.000000000000000000e+00
0.000000000000000000e+00
5.129651085558636581e+00
0.000000000000000000e+00
0.000000000000000000e+00
0.000000000000000000e+00
0.000000000000000000e+00
4.727733621824522281e+00
0.000000000000000000e+00
0.000000000000000000e+00
7.764912349798887004e-01
0.000000000000000000e+00
0.000000000000000000e+00
0.000000000000000000e+00
2.140759014278680539e+00
0.000000000000000000e+00
0.000000000000000000e+00
3.955454811053557007e-01
0.000000000000000000e+00
0.000000000000000000e+00
0.000000000000000000e+00
0.000000000000000000e+00
0.000000000000000000e+00
0.000000000000000000e+00
0.000000000000000000e+00
0.000000000000000000e+00
0.000000000000000000e+00
5.658104419583136035e+00
0.000000000000000000e+00
0.000000000000000000e+00
0.000000000000000000e+00
