4008
4012
4018
4004
4003
4019
4008
4002
4003
4001
4002
4009
4005
4017
4003
4001
4011
4010
4017
4013
4006
4002
4004
4001
4010
4013
4013
4006
4010
4001
4014
4006
4004
4017
4001
4003
4017
4015
4007
4019
4016
4016
4006
4004
4011
4012
4015
4015
4011
4004
4013
4010
4003
4008
4009
4007
4007
4004
4010
4011
4008
4010
4009
4019
4011
4018
4001
4017
4008
4017
1
4015
4008
4003
4019
4019
4014
4012
4006
4017
4010
4010
4012
4001
4008
4016
4014
4008
2
4015
4002
4011
4014
4017
4011
4019
4005
4002
4013
4001
4018
4013
4008
3
4009
4018
4009
4012
4008
4003
4013
4009
4011
4001
4015
4007
4018
4002
4017
4015
4002
4006
4009
4010
4014
4009
4012
4018
4005
4006
4008
4018
4011
4014
4017
4016
4016
4004
4010
4004
4014
4004
4010
4001
4016
4014
4017
4017
4018
4009
4001
4008
4006
4004
4012
4016
4001
4011
4009
4017
4011
4015
4018
4016
4006
4008
4002
4005
4002
4007
4018
4005
4019
4003
4018
4017
4001
4013
4018
4002
4009
4006
4011
4013
4016
4006
4015
4007
4001
4001
4001
4013
4016
4010
4010
4001
4013
4006
4017
4010
4019
4016
4006
4012
4011
11
4014
3
4005
4003
4014
4013
4007
4004
4002
4008
3
4015
4016
4012
4013
4012
4016
4008
4001
4017
4009
4010
4009
4018
4004
4019
4013
4002
4004
4006
4002
4002
1911
4001
4004
4018
1307
4008
4001
4015
4005
4011
4019
4014
4003
4005
4005
4005
4015
4017
4002
4011
4014
1
4008
4011
4011
4002
4004
4005
4015
4018
4014
4019
4
1
4002
4013
4018
4012
4010
4008
4003
4014
4014
4008
4002
4008
4012
4003
4006
4008
4001
4007
4017
4012
4016
4013
4018
4004
4014
4011
4004
4004
4007
4019
4007
4017
4016
4016
4009
4005
4017
4007
4016
4009
1
4009
4004
4009
4010
4005
4018
4018
4010
4003
1
1
4008
4014
4017
4015
4001
4005
4006
4011
4005
4013
4009
4011
1
4006
4008
4017
4008
4017
4016
4018
4002
4019
4016
4010
4007
4017
4007
4007
4003
4009
4005
4010
4010
4013
4013
4016
3963
4014
4006
4004
4012
2
2
4014
2
4012
4012
4014
4003
4009
4001
4010
4017
4003
4003
4003
657
4017
4005
4004
4002
4007
6
4017
1
4002
4001
4002
4016
4006
4005
4019
4010
4003
4014
4010
4015
4017
2
4009
4011
4005
4016
4019
4015
4014
4014
4006
4019
4007
1
4009
4017
4008
4016
4004
4017
4010
4007
4016
4002
4009
4006
4009
4006
4016
4005
4011
4018
4008
4002
4015
4001
4012
1
1
4013
4003
4019
4004
4003
4014
4018
4011
1
4016
2
4012
4012
4016
4006
4003
4012
4013
4009
4004
1
1
4019
4016
4010
3907
4002
4012
5
4009
4004
4010
4004
4010
4002
4006
4003
4013
4014
4003
4007
4001
4011
1
4013
1
4005
4005
4013
4010
4013
4017
4004
4006
4002
4017
4016
4007
4005
4005
4005
4018
4014
1
4014
4015
4010
1
4005
1
4017
4006
4018
4008
4013
4003
4015
4012
4017
4007
4002
4003
4013
4014
4003
4007
1
4003
4015
4006
1
4018
4009
4004
4004
4011
4001
4012
661
4004
4008
4014
1
4006
4015
4002
4005
4009
4013
4014
4017
4012
4001
4002
4017
4015
4004
4007
4012
4004
4005
4019
2258
4009
4004
4003
4017
4014
4016
4018
4019
4005
4015
4001
7
4005
4003
4014
4003
4005
4014
4014
4007
4014
4016
4001
4013
4008
4005
4014
4012
4018
4013
4012
4016
4006
4016
4008
4007
2952
4009
4015
4007
4004
4009
4018
4001
4012
4015
4004
4002
4005
4001
4016
4014
4004
4006
4002
4008
4007
4001
4012
4013
4002
4014
4015
4016
4017
4012
4003
4010
4019
4011
4008
4009
4010
4007
9
4001
9
4004
4018
4017
4015
4008
4016
4012
4015
4018
4013
4014
4002
4003
4007
4011
4014
4002
4005
4007
4005
4011
4014
4009
4004
4006
4002
4001
4010
4009
4007
1
4007
4004
4015
4014
4013
4016
4005
4001
4008
4001
4017
4018
4002
4010
4010
4002
4016
4013
4007
4013
4011
4011
4008
4013
4015
4016
4017
4010
4006
4003
4011
4002
4011
4015
4017
4017
4004
4008
4009
4007
4013
4004
4006
4009
4008
4006
1
4002
4011
4012
4001
4015
4010
4010
4012
4001
4017
3
4007
2
4016
4015
4006
4005
4005
4013
4012
4015
2355
4003
4007
4007
4019
4018
4006
4001
4013
4002
4002
4010
4016
4018
4006
4007
4007
4003
4013
4016
4010
4015
4019
1
4015
4010
4014
4018
4001
4015
4011
4018
4005
4011
4002
4005
4013
4019
3
4011
4007
4001
4008
4014
4008
4017
4005
4001
4002
4016
4004
4003
4004
6
4012
4018
4018
4019
4003
4002
4009
4
4008
3
4014
4018
4011
4017
2
4006
4019
4002
4016
4017
4018
4008
4003
4010
4012
4015
1
4011
4011
4012
4005
4009
4018
4018
4006
4001
4018
4009
4005
4001
4014
4008
4004
4011
4007
4001
4013
2
4006
4009
4018
7
4017
4009
4012
4015
4011
4019
4015
4015
13
4006
4003
4016
4012
4017
4003
4011
4018
4
1
4003
4013
3712
4012
4016
4010
4007
4016
4005
4015
4002
4004
4012
4003
4014
3
4019
4001
4009
1563
4009
4013
4018
4010
3315
4008
4010
1
4006
4008
4019
4014
4006
4006
4008
4015
4012
4001
4012
4003
4012
4003
4011
4007
4019
4013
4010
4006
4011
4007
4018
4003
4012
4009
4015
4009
4013
4005
4002
4019
4019
2
4005
4009
4004
1
4004
1
4008
4004
4008
4010
4004
4015
5
4012
4001
4006
1
4012
4011
4003
4016
4007
4018
4007
4013
4010
4005
4018
4006
4001
4018
4012
4014
7
4011
10
4009
4009
4005
4012
4005
4009
4019
4010
4004
4008
4006
4011
4019
3157
4016
4009
4015
4010
4019
4001
4006
4002
4016
4003
4015
4013
4017
4015
4003
4015
3857
4018
1
4014
4003
4008
4006
4011
