4001
4001
4001
4001
4001
4001
4001
4001
4001
4001
4001
4001
4001
4001
4001
4001
4001
4001
4001
4001
4001
4001
4001
4001
4001
4001
4001
4001
4001
4001
4001
4001
4001
4001
4001
4001
4001
4001
4001
4001
4001
4001
4001
4001
4001
4001
4001
4001
4001
4001
4001
4001
4001
4001
4001
4001
4001
4001
4001
4001
4001
4001
4001
4001
4001
4001
4001
4001
4001
4001
1
4001
4001
4001
4001
4001
4001
4001
4001
4001
4001
4001
4001
4001
4001
4001
4001
4001
4001
4001
4001
4001
4001
4001
4001
4001
4001
4001
4001
4001
4001
4001
4001
4001
4001
4001
4001
4001
4001
4001
4001
4001
4001
4001
4001
4001
4001
4001
4001
4001
4001
4001
4001
4001
4001
4001
4001
4001
4001
4001
4001
4001
4001
4001
4001
4001
4001
4001
4001
4001
4001
4001
4001
4001
4001
4001
4001
4001
4001
4001
4001
4001
4001
4001
4001
4001
4001
4001
4001
4001
4001
4001
4001
4001
4001
4001
4001
4001
4001
4001
4001
4001
4001
4001
4001
4001
4001
4001
4001
4001
4001
4001
4001
4001
4001
4001
4001
4001
4001
4001
4001
4001
4001
4001
4001
4001
4001
4001
4001
4001
4001
4001
4001
4001
4001
1101
4001
4001
4001
4001
4001
4001
4001
4001
4001
4001
4001
4001
4001
4001
4001
4001
4001
4001
4001
4001
4001
4001
4001
4001
4001
4001
4001
4001
4001
4001
4001
4001
4001
4001
4001
4001
601
4001
4001
4001
4001
4001
4001
4001
4001
4001
4001
4001
4001
4001
4001
4001
4001
1
4001
4001
4001
4001
4001
4001
4001
4001
4001
4001
1101
1
4001
4001
4001
4001
4001
4001
4001
4001
4001
4001
4001
4001
4001
4001
4001
4001
4001
4001
4001
4001
4001
4001
4001
4001
4001
4001
4001
4001
4001
4001
4001
4001
4001
4001
4001
4001
4001
4001
4001
4001
1
4001
4001
4001
4001
4001
4001
4001
4001
4001
1
1
4001
4001
4001
4001
4001
4001
4001
4001
4001
4001
4001
4001
1
4001
4001
4001
4001
4001
4001
4001
4001
4001
4001
4001
4001
4001
4001
4001
4001
4001
4001
4001
4001
4001
4001
4001
451
4001
4001
4001
4001
1051
401
4001
901
4001
4001
4001
4001
4001
4001
4001
4001
4001
4001
4001
4001
4001
4001
4001
4001
4001
3201
4001
1
4001
4001
4001
4001
4001
4001
4001
4001
4001
4001
4001
4001
4001
501
4001
4001
4001
4001
4001
4001
4001
4001
4001
4001
4001
1
4001
4001
4001
4001
4001
4001
4001
4001
4001
4001
4001
4001
4001
4001
4001
4001
4001
4001
4001
4001
4001
4001
4001
1
1
4001
4001
4001
4001
4001
4001
4001
4001
1
4001
4001
4001
4001
4001
4001
4001
4001
4001
4001
4001
1
1
4001
4001
4001
4001
4001
4001
1251
4001
4001
4001
4001
4001
4001
4001
4001
4001
4001
4001
4001
4001
4001
1
4001
1
4001
4001
4001
4001
4001
4001
4001
4001
4001
4001
4001
4001
4001
4001
4001
4001
4001
1
4001
4001
4001
1
4001
1
4001
4001
4001
4001
4001
4001
4001
4001
4001
4001
4001
4001
4001
4001
4001
4001
1
4001
4001
4001
1
4001
4001
4001
4001
4001
4001
4001
4001
4001
4001
4001
1
4001
4001
4001
4001
4001
4001
4001
4001
4001
4001
4001
4001
4001
4001
4001
4001
4001
4001
4001
3801
4001
4001
4001
4001
4001
4001
4001
4001
4001
4001
4001
4001
4001
4001
4001
4001
4001
4001
4001
4001
4001
4001
4001
4001
4001
4001
4001
4001
4001
4001
4001
4001
4001
4001
4001
4001
4001
4001
4001
4001
4001
4001
4001
4001
4001
4001
4001
4001
4001
4001
4001
4001
4001
4001
4001
4001
4001
4001
4001
4001
4001
4001
4001
4001
4001
4001
4001
4001
4001
4001
4001
4001
4001
4001
4001
4001
801
4001
4001
4001
4001
4001
4001
4001
4001
4001
4001
4001
4001
4001
4001
4001
4001
4001
4001
4001
4001
4001
4001
4001
4001
4001
4001
4001
4001
4001
4001
1
4001
4001
4001
4001
4001
4001
4001
4001
4001
4001
4001
4001
4001
4001
4001
4001
4001
4001
4001
4001
4001
4001
4001
4001
4001
4001
4001
4001
4001
4001
4001
4001
4001
4001
4001
4001
4001
4001
4001
4001
4001
4001
4001
4001
4001
4001
1
4001
4001
4001
4001
4001
4001
4001
4001
4001
4001
4001
4001
451
4001
4001
4001
4001
4001
4001
4001
4001
4001
4001
4001
4001
4001
4001
4001
4001
4001
4001
4001
4001
4001
4001
4001
4001
4001
4001
4001
4001
4001
4001
4001
1
4001
4001
4001
4001
4001
4001
4001
4001
4001
4001
4001
4001
4001
4001
2451
4001
4001
4001
4001
4001
4001
4001
4001
4001
4001
4001
4001
4001
4001
4001
4001
4001
4001
4001
4001
4001
4001
1651
4001
4001
4001
4001
4001
4001
4001
4001
4001
4001
4001
4001
4001
4001
4001
4001
4001
4001
1
4001
4001
4001
4001
4001
4001
4001
4001
4001
4001
4001
4001
4001
4001
4001
4001
4001
4001
4001
4001
4001
4001
4001
4001
501
4001
4001
4001
4001
4001
4001
4001
4001
351
4001
4001
4001
4001
4001
4001
4001
4001
201
1
4001
4001
4001
4001
4001
4001
4001
4001
4001
4001
4001
4001
4001
4001
4001
4001
4001
4001
4001
4001
4001
4001
4001
4001
2401
4001
4001
1
4001
4001
4001
4001
4001
4001
2101
4001
4001
4001
4001
4001
4001
4001
4001
4001
4001
4001
4001
4001
4001
4001
4001
4001
4001
4001
4001
4001
4001
4001
4001
4001
4001
2901
4001
4001
4001
1
4001
1
4001
4001
4001
4001
4001
4001
3151
4001
4001
4001
1
4001
4001
4001
4001
4001
4001
4001
4001
4001
4001
4001
4001
4001
4001
4001
4001
1151
4001
4001
4001
4001
4001
4001
4001
4001
4001
4001
4001
4001
4001
4001
4001
2401
4001
4001
4001
4001
4001
4001
4001
4001
4001
4001
4001
4001
4001
4001
4001
4001
4001
4001
1
4001
4001
4001
4001
4001
