0.000000000000000000e+00
1.318356076512769981e+00
1.631653825154754767e+00
1.351236441605073857e+01
0.000000000000000000e+00
1.738747778785326759e+01
5.365229158694887701e+00
9.222402558305306641e+00
9.026915586034521155e+00
0.000000000000000000e+00
2.359775629308261014e+00
6.542630701451250808e+00
2.067944124042818466e+00
8.947961785354532793e+00
7.854290028786048872e+00
0.000000000000000000e+00
1.265012167332455029e+01
1.147956854219940759e+01
6.727924809954509477e+00
6.454296451315839622e-01
7.262541845913707661e+00
6.447400072219772404e+00
1.258517457454686550e+01
4.591119779211129348e+00
4.247069577946387398e-01
1.300809410507362429e+00
4.862473067294718732e+00
9.475191142359285834e+00
6.795524972958204124e+00
0.000000000000000000e+00
1.041381078077976241e+01
6.683155580998280776e+00
2.677872683682602339e+00
1.589568713274887912e+01
2.761513705086517945e+00
0.000000000000000000e+00
6.549366032278637562e+00
3.276037312245521083e+00
7.606359938205647708e+00
1.138976102467622908e+01
1.059760285054145434e+01
4.491220413074172413e+00
9.181702713931468196e+00
1.898363211445294851e+00
0.000000000000000000e+00
5.624575217873128530e+00
0.000000000000000000e+00
7.852011669072581412e+00
1.387620071955752188e+01
8.329744332716296995e+00
1.686433373026663851e+00
3.163093553796191060e+00
1.184461023254443646e+01
0.000000000000000000e+00
8.778920126967753035e+00
2.433146049108152020e+00
9.847696278919928048e+00
2.053994223988989010e+00
1.128685668390250640e+01
7.630177039146176732e+00
0.000000000000000000e+00
1.376857805386817457e-01
7.093671791292892159e+00
0.000000000000000000e+00
7.498517558933487592e+00
8.107837715000499657e+00
0.000000000000000000e+00
0.000000000000000000e+00
1.544392588253667853e+01
7.263794398303894617e+00
1.396933462903959011e+01
0.000000000000000000e+00
4.859358315513416571e+00
0.000000000000000000e+00
1.033516491574182972e+01
1.758948335116949124e+01
4.785607431166280179e+00
4.786445662644486454e+00
7.539753859277496417e+00
3.713614956389119648e+00
4.585276604054011607e+00
3.005975248770366814e+00
1.361156654812268130e+01
7.350438144508953719e+00
8.753546651542940538e+00
9.360964803910423626e+00
0.000000000000000000e+00
6.803701871396303780e+00
1.003384590417253364e+01
0.000000000000000000e+00
9.469703682699575964e+00
1.079638189356484013e+01
1.203676697414344154e+01
6.480020501699633506e+00
1.217696387219462828e+01
0.000000000000000000e+00
0.000000000000000000e+00
1.404787086711356991e+00
8.149749751218068994e+00
6.049274531238911123e+00
2.518816127464449384e+00
1.286045172583571095e+01
2.997783489345806629e-02
9.390562990485094019e+00
8.868272685215893958e+00
1.219450192601684968e+01
1.375459864362118267e+01
7.448076793145330221e+00
1.173394397177075987e+01
1.399522363600884889e+00
6.084294265884089725e+00
4.676113640578037689e+00
9.556060755854103306e+00
1.754356728951341093e+00
4.738671280606397751e+00
7.402363819016934521e+00
3.874064181299273546e+00
5.469784326524146145e+00
1.650019222600131785e+00
0.000000000000000000e+00
7.064393017696963817e+00
6.732029911799369160e+00
1.424377507005675891e+00
1.524146022603685813e+00
6.056723665390335576e+00
2.041737120798629679e+00
3.128042641598003382e-01
2.596114413415254507e+00
4.011170249503600793e+00
1.368522840960505604e+01
1.269187760044323765e+00
2.974139212140965327e+00
0.000000000000000000e+00
4.148400828746016344e+00
4.133308844204090171e+00
1.722311493812043626e+00
7.647933950254055091e+00
2.791286964227120304e+00
1.865662243498313444e+00
0.000000000000000000e+00
1.008061706547549008e+01
0.000000000000000000e+00
1.795150332186240982e+00
1.128755572620915526e+00
1.110317427183138861e+01
8.674261184458275764e+00
2.913888940942393369e+00
5.397218700602425479e+00
3.284859235236490260e+00
1.481708807303830433e+01
0.000000000000000000e+00
5.370170568333840322e+00
4.782514510596972634e+00
8.672810584749983676e+00
1.474617669626003824e+01
5.707692143918623451e+00
1.189521125167153848e+01
9.110525188432708532e+00
5.669166602512081710e+00
1.185463908614718953e+01
7.382368135472368920e+00
1.329921814730157514e+01
6.996646930956178956e+00
6.539146414732332602e+00
6.928467745254201837e+00
3.126998710979397522e+00
9.562251999791476109e+00
9.488210528656091380e-01
2.762853611725553549e+00
5.997022170386307138e+00
2.148664033640690363e-01
5.407004524917985444e-01
1.308637421868881923e+01
0.000000000000000000e+00
2.035421888515114297e+00
2.636458147425187359e+00
4.076567620292801841e+00
5.143442708462953039e-01
1.231295591774295062e+01
8.291977802670658093e+00
5.491402590949991058e+00
9.089936290016387588e+00
0.000000000000000000e+00
6.264562144218262851e+00
1.164017015561854862e+01
4.794008179618144183e+00
5.549611057267413550e+00
4.300227185112400541e+00
1.492815968164078555e+01
2.732644045567131919e+00
9.415816414815605384e+00
0.000000000000000000e+00
5.609369227032146910e+00
4.177682452118137491e+00
0.000000000000000000e+00
3.583076494286415947e+00
8.550547694256147579e+00
7.573862578952829772e+00
1.641987205310220244e+00
7.265286438126509871e+00
6.399408850092775936e+00
4.474869763562759672e+00
2.847308890420929384e+00
0.000000000000000000e+00
9.597389193907115867e+00
1.538345073386376827e+00
1.479465483314626262e+01
4.546110662415330239e+00
6.772445715587602777e+00
3.694446677167224191e+00
9.099885008792046648e+00
1.417295993708346913e+00
0.000000000000000000e+00
1.050572015418701000e+01
2.960047219673952457e-01
2.402212150772456312e+00
4.544106538195634037e+00
0.000000000000000000e+00
6.474593665949597288e+00
0.000000000000000000e+00
0.000000000000000000e+00
6.826844213224710245e+00
1.796381968078971880e+00
0.000000000000000000e+00
3.129350207617231927e+00
5.057192754471490304e+00
1.060914796914102354e+01
8.558241818145123858e+00
0.000000000000000000e+00
1.191656613450687408e+00
9.576781323843999161e+00
8.480394402293901734e+00
0.000000000000000000e+00
1.892801300202417103e+00
4.733027032034583748e+00
1.019509121809385910e+01
0.000000000000000000e+00
8.904757522437177997e+00
1.198394305245928315e+01
4.228859942837418728e+00
8.209799732929853988e+00
4.400566148706786862e+00
0.000000000000000000e+00
5.528757116724212217e+00
0.000000000000000000e+00
1.550194785995631985e+00
0.000000000000000000e+00
0.000000000000000000e+00
1.225283810070344437e+01
1.071553238347530623e+01
7.360415507906141741e+00
6.887798720952145182e+00
6.485551831257903466e+00
4.358675510440614076e+00
6.956571598866098105e-01
4.637541291872020466e+00
0.000000000000000000e+00
2.320342335085461727e+00
3.219278788989618612e+00
2.625049928035219082e-01
6.306569084894765531e+00
4.735224169060813892e+00
0.000000000000000000e+00
3.048042372526561294e+00
1.503720570583905847e+01
1.378548503646570556e+00
4.285463312607805442e+00
9.518310476303946999e+00
0.000000000000000000e+00
0.000000000000000000e+00
0.000000000000000000e+00
3.293708813311700734e+00
8.137138342743748254e+00
8.483258227794635786e+00
0.000000000000000000e+00
2.224015771765620597e-01
0.000000000000000000e+00
1.475770912665341994e+00
0.000000000000000000e+00
1.407619283234046925e+01
0.000000000000000000e+00
3.794328219461699181e+00
9.525095938166952436e+00
3.530655397737085366e+00
1.465429292585303189e+00
1.218125540553518782e+01
2.565745310486999387e+00
3.335019778324962214e+00
3.843994678394486719e+00
4.693995462263790053e+00
5.114508674890327455e+00
7.184948380956287295e+00
5.199870023683026865e+00
4.864105765384042712e+00
3.287226729415985371e+00
9.239264631693778540e+00
1.519017599315714007e+00
9.464208717714509334e+00
3.796231345621802866e+00
1.530324980656334821e+00
1.924829745688370064e+00
4.282688204804751209e+00
9.300667804359859403e+00
4.197715293996754582e+00
8.456117937956471042e-01
9.432073748626672582e+00
0.000000000000000000e+00
0.000000000000000000e+00
0.000000000000000000e+00
8.827712065059973412e+00
2.761312748809318096e-01
1.642428786343690206e+01
2.648918274319405519e+00
1.017125504401444225e+01
4.430115813860895813e+00
6.498439849437741778e+00
0.000000000000000000e+00
1.016469771478605821e+01
4.009389914644798658e+00
3.577529908904618861e+00
1.053948117312877919e+01
9.226884836516143551e+00
3.360750457624734011e+00
1.295664217192849321e+01
2.285877414339255065e+00
2.137334437544523880e+01
0.000000000000000000e+00
1.386378090156144616e+01
1.211287391342002984e+01
1.837790506288161874e+00
0.000000000000000000e+00
1.001502712655697991e+01
3.296243187364249927e+00
1.179120551537423012e+01
9.768406884603150431e+00
1.082419209655873793e+01
1.022515197590361602e+01
1.136257667007430694e+00
3.417173461057728012e+00
0.000000000000000000e+00
1.748943870172641413e+00
8.209241866995762749e+00
5.794301937185897700e+00
1.176014618443910109e+01
7.004208151106137592e+00
3.827100640520156194e+00
1.470186622302606949e+01
8.739246429713379172e+00
8.270142583790146773e+00
1.253046808902607445e+00
0.000000000000000000e+00
7.225610313432802023e+00
4.916406618999530131e+00
7.353430871556217774e+00
7.800660603566474727e+00
9.000562623304237064e+00
3.409872367868273191e+00
0.000000000000000000e+00
0.000000000000000000e+00
5.483078951559585690e+00
5.732102380748012038e-01
5.985276657312402548e+00
1.192702793420799434e+00
4.670232759889070273e+00
1.088240443032084137e+01
9.165561716328692654e+00
1.168360048539293317e+01
6.830170671087027578e+00
6.915237936884465419e+00
3.722836528164577885e+00
7.445498953676456644e+00
0.000000000000000000e+00
2.037382975787656036e-01
1.125635434870629936e+01
0.000000000000000000e+00
1.578044235305196663e+00
6.602356991640970563e+00
7.241531437561206097e+00
2.320150667614296225e+00
7.774787005233095627e+00
1.581020802023926031e+00
9.340574248434144522e+00
1.066505243802639491e+01
1.298466694763958174e+01
4.597913761668348087e+00
5.795518916258683539e+00
5.948102955851736873e+00
0.000000000000000000e+00
0.000000000000000000e+00
1.069047745904295432e+01
6.236704330875780578e+00
2.649937180312820661e+00
5.231193016307759791e+00
9.785314550774375064e+00
7.384641656620313022e+00
2.102732299822014816e+00
7.672743853997933350e+00
1.064833158174915084e+01
2.331719891535442013e+00
0.000000000000000000e+00
5.044070231988163400e+00
9.957557670644794356e+00
9.516558574896692990e-01
1.243898398007818606e+01
5.908996614891412591e+00
8.478584354458906347e+00
6.484347028122192214e+00
5.128452334100919607e+00
0.000000000000000000e+00
6.478844269063189110e+00
0.000000000000000000e+00
4.849267006572630656e+00
8.459313458848200185e+00
1.742266280898705944e+01
1.055953510702723808e+00
8.083300135633602057e-01
5.926048354973354471e+00
9.044047422230564237e+00
3.325181262857586084e-01
1.553367686752397558e+00
8.342586530014473922e+00
5.625282762486125243e+00
3.539381103313465449e+00
4.901503618839273990e+00
0.000000000000000000e+00
6.570773171675441837e+00
0.000000000000000000e+00
5.592679462665576473e+00
9.855665215148468050e+00
0.000000000000000000e+00
1.222979833360223800e+01
8.766686445505179393e+00
4.052277584815745293e+00
1.140355490177373454e+01
1.017189592787020835e+01
8.872296232033368923e+00
9.702712088818151059e+00
1.356354516513584052e+01
6.036743215457788914e+00
1.783724761711126927e+00
4.106482000176352454e-01
0.000000000000000000e+00
0.000000000000000000e+00
9.091422182501080584e+00
0.000000000000000000e+00
1.815271574808618738e+01
7.135071383669708389e+00
0.000000000000000000e+00
0.000000000000000000e+00
2.350343681718926714e+00
1.532569313698209434e+01
4.730245687460153725e+00
1.701236752253623141e+00
2.746750869041719056e+00
0.000000000000000000e+00
2.933983337872434483e-01
0.000000000000000000e+00
1.515570157516254346e+00
4.953449312577053121e+00
1.138820634325257597e+00
4.653930248932675595e-01
1.380676554502454323e+01
3.023845128574529362e+00
1.141884329984759283e+01
4.594385599550133925e+00
6.716563689224439138e+00
4.232432401190441951e+00
3.663729694428603967e+00
0.000000000000000000e+00
4.808510197368786265e+00
2.546040539060462571e+00
1.708774564130620988e+01
0.000000000000000000e+00
2.081294046534621245e+00
3.999220887036037286e+00
0.000000000000000000e+00
1.569994018941572644e+00
2.895699013564484225e+00
7.074840522781487451e+00
1.053258701138259568e+01
8.978762651560538544e+00
4.973648108772267484e+00
2.843132318629737476e+00
6.442458266586170268e+00
1.700608252886945504e+00
3.475847771719451362e-01
0.000000000000000000e+00
0.000000000000000000e+00
1.625823078932569388e+00
1.416127700078268825e+00
3.852834089751532520e+00
1.539354512299865263e+01
1.067327508270308911e+01
3.333835605862335960e+00
4.774875746881225957e+00
4.065002501066426355e+00
1.201959222357857549e+01
4.414825488275110899e-01
4.223058721815983851e+00
1.971865265277394030e+00
9.248882270478912204e+00
8.821651516303203877e+00
3.709860813815812897e+00
1.041679386475051139e+01
1.180709079863937738e+01
2.845329092670272342e+00
1.703872794488706210e+00
8.608789436889860980e+00
2.328613465560008589e+00
1.274920841684385842e+01
2.295999146970240901e+01
3.645632808837769190e+00
4.511173250957510206e+00
9.571111659889609768e+00
1.136329042529628630e+00
5.121940227505175969e+00
4.617578540629875938e+00
1.048752406339242249e+01
1.105340005485203214e+01
9.724500652889247476e+00
7.659756757845156194e+00
6.305290780096719061e+00
1.238896567555786987e+01
1.203638260554284223e+01
3.944637076644641471e+00
7.300510451395629374e+00
6.508067660040138591e+00
7.645274170001177261e+00
8.828002986467364366e+00
4.922905005263064737e+00
8.068169641293495786e+00
7.328215655663041339e+00
6.103023473918450570e+00
0.000000000000000000e+00
1.713179610716539347e+00
5.022206431382307379e+00
1.213915065315481812e+01
1.284394833519111145e+01
1.682493963912571289e+01
1.500879510362106428e+00
9.053111543010914364e-01
5.654604881845528119e+00
0.000000000000000000e+00
1.043648910765470639e+01
8.098550876877531834e+00
5.622249165073475830e+00
2.065316381239938082e+01
0.000000000000000000e+00
9.719833444029594816e+00
1.704931647293580710e+01
1.697112135698059632e+00
3.620200681161861667e+00
1.038867570220961589e+01
3.462651460828966243e+00
1.014259916654883398e+01
1.353904918628760790e+01
7.231125966893156232e+00
1.068550490578618550e+01
2.277285009903521029e+01
1.529516311983420174e+01
1.986711316935713345e+00
1.352824503987364047e+01
0.000000000000000000e+00
1.876467704901212130e+01
9.165890656248816271e+00
1.016401481510995453e+01
8.701471337711982557e+00
3.410145280429268677e+00
1.116042907245436133e+01
9.931615883864552075e+00
1.263343625348740318e+01
5.577481797297217270e+00
3.479309989738479381e+00
0.000000000000000000e+00
7.953060108884302259e+00
8.535553893101409884e+00
4.869880755838089215e+00
3.959097692923137846e+00
3.561905436084265464e+00
8.044646185549042983e+00
7.980423929036710717e+00
1.038671869418955040e+01
1.049462512317206730e+01
1.229943281481349793e+01
1.204625121546287581e+01
5.813592451755681623e+00
6.679098112477430682e+00
3.868392693392755266e+00
4.106829601839891986e+00
7.729376306499842642e+00
1.631882095748301609e+01
9.218456239484790871e+00
1.863818384085751401e-01
2.265939262005398636e+00
8.583168111386607180e+00
7.954878821040865411e+00
7.241972541272008179e+00
6.106825804238660282e+00
1.646284360008943848e+00
5.252166356068744157e+00
9.341069206424096549e+00
5.101729930126515100e+00
9.818509006526488392e+00
4.124903167342870880e+00
2.060115889408037138e+00
2.150259014237551058e-01
4.890993571981092636e+00
1.921857650256977301e+00
3.589976310426446382e+00
6.897734623643401619e+00
2.682679689348821839e+00
7.149999600106263564e+00
1.426895716200333197e+01
0.000000000000000000e+00
1.117873572027393969e+01
2.764017540961673625e+00
0.000000000000000000e+00
2.649086525279955584e+00
9.766783676247465351e+00
8.448645637943567266e+00
1.331796268332989008e+01
1.168733600891746960e+01
3.815418140698890515e+00
7.704586051891118892e+00
5.257838245604092187e+00
0.000000000000000000e+00
8.609211040593674369e+00
5.575299278156770733e+00
1.610561561602728631e+01
4.659873425919550449e+00
0.000000000000000000e+00
3.342455882853529125e+00
5.211328573927618280e+00
3.331504414425332961e+00
1.231119444932636853e+01
0.000000000000000000e+00
0.000000000000000000e+00
0.000000000000000000e+00
2.800968977373840207e+00
4.887588031460427196e+00
9.379483200798908626e+00
5.209473646316410189e+00
8.994209273113982661e+00
6.284284171070691372e+00
6.299170561911733301e+00
7.658160251349613645e+00
0.000000000000000000e+00
7.109206737714257152e+00
5.971538088397561062e+00
1.184435462858186661e+01
3.037018728412849811e+00
3.343344929673996546e+00
4.373992019271460308e+00
4.684832636348210677e+00
4.715582004408481076e+00
4.303310885706055799e+00
1.499340955485873428e+00
2.568511452229677694e+00
7.134774265896340673e+00
9.044703510248927714e+00
2.748174714588069278e+00
7.303877077812297447e-01
2.040401889315407669e+00
4.935527833193795288e+00
2.193285751798157790e+01
1.485278320128656837e+01
7.934191742027730143e+00
7.460839287642963669e+00
1.017870235578179461e+01
1.294825748878314897e+01
6.956504822238694707e+00
0.000000000000000000e+00
0.000000000000000000e+00
8.615381248489040189e+00
3.757781611304195302e+00
5.623161335687094642e+00
4.119129678830143249e+00
8.944278783483937900e+00
1.107589056873611888e+01
6.760925828420554673e+00
6.931898626704558808e+00
1.057779508100482246e+01
5.078644305299338413e+00
8.795205146047006650e+00
5.182798325209433621e+00
4.023676118909121913e-01
3.827759868909136998e+00
3.966495075476971000e+00
0.000000000000000000e+00
0.000000000000000000e+00
1.184234238963296493e-01
3.415081524711401251e+00
1.976799468864753884e-02
0.000000000000000000e+00
5.643648211561815842e+00
7.865200037661317367e+00
4.137418840264800224e+00
5.605613676590568417e+00
7.914368661825510465e+00
1.011038879693884240e+01
0.000000000000000000e+00
2.172735601700670571e+01
0.000000000000000000e+00
1.611042024920630311e+01
9.863414690711058697e-01
0.000000000000000000e+00
2.380750097792800002e+00
8.417287800166365130e+00
6.340086928729618876e+00
3.535203016650536600e+00
2.284170473563721604e+00
9.459585271405945406e+00
0.000000000000000000e+00
1.528472138739408415e+01
3.322670696833837756e+00
1.530485535205751013e+01
8.900655726458250427e+00
7.713035597562872603e+00
2.070307255586858908e+00
4.899260970575413765e+00
5.149834577479433406e+00
8.125961330256158632e+00
7.500040588741930137e+00
4.416394284053878572e+00
9.798392290327365473e+00
3.388129777861044190e+00
0.000000000000000000e+00
0.000000000000000000e+00
0.000000000000000000e+00
8.234397846832028023e+00
0.000000000000000000e+00
1.024191276909043502e+01
7.594353587034224695e+00
5.334226622343773982e+00
5.517718440321591977e+00
1.352227753067197780e+00
3.334555133099819990e+00
1.305360523683762430e+01
0.000000000000000000e+00
3.756553139754292836e+00
1.029964730803025041e+01
3.839668767066225730e+00
7.233176475089730939e-01
4.958235284174487667e+00
5.258061436210635264e+00
6.522759458053642767e+00
1.054549598613785477e+01
0.000000000000000000e+00
4.851346410029856671e+00
0.000000000000000000e+00
1.231758410636758327e+01
7.834944668940585721e+00
0.000000000000000000e+00
6.706949239874870905e+00
9.982995087165674519e+00
7.247133303280554273e+00
8.598221812963213750e+00
6.294210969010521239e+00
1.176951508318548534e+01
4.751882960418287283e+00
8.173781370036278915e+00
0.000000000000000000e+00
6.265121492293894256e+00
1.296532825712408865e+01
0.000000000000000000e+00
3.827925263722328886e+00
4.208879401994522595e+00
0.000000000000000000e+00
4.254616243324155889e+00
2.927363603144640614e+00
4.464236714260387373e+00
0.000000000000000000e+00
1.670700650557659372e+01
6.309147849392518381e+00
6.835647599748719827e+00
3.254158761665741917e+00
6.888347592390045904e+00
1.873474130207948729e+00
1.814348801600194250e+01
1.067570883796470937e+01
9.511455559707933105e+00
0.000000000000000000e+00
9.652425755754689973e+00
2.238037636607199676e+00
0.000000000000000000e+00
4.589042279181834161e+00
3.999433619953555841e+00
0.000000000000000000e+00
7.568813201388318035e+00
5.900761240009201991e+00
9.284835892628157339e+00
0.000000000000000000e+00
5.701453294389643212e+00
0.000000000000000000e+00
1.121356108850689282e+01
0.000000000000000000e+00
8.166780569580184945e+00
2.164315665279334944e+00
1.051745325723262603e+01
9.066911741360932808e+00
1.075333547339119677e+00
5.317838647599266721e+00
8.271187705777386157e+00
0.000000000000000000e+00
2.483586339911953544e+00
4.989575372286667587e+00
1.168046456092484142e-01
9.084944688048086192e+00
6.427202270893299207e+00
0.000000000000000000e+00
0.000000000000000000e+00
1.258786711699774408e+00
1.684729116136685301e+00
4.355929296499961190e+00
3.098708737693057547e+00
8.832334518357535913e+00
1.855539228077551117e+00
0.000000000000000000e+00
3.898537213616921182e+00
9.883948354312122930e+00
1.339994808195182685e+01
0.000000000000000000e+00
6.041060472845556362e+00
7.703350552703543741e+00
9.105752043469758306e+00
1.045790476551686332e+01
1.050198608331032180e+00
2.802083472365295869e+00
0.000000000000000000e+00
3.019523955797750681e+00
4.974327610600608018e+00
0.000000000000000000e+00
1.641829036980885670e+00
0.000000000000000000e+00
0.000000000000000000e+00
0.000000000000000000e+00
2.907947348659028375e+00
0.000000000000000000e+00
0.000000000000000000e+00
1.565029339537777631e+01
5.716098402423343217e+00
0.000000000000000000e+00
1.083875479594958335e+01
2.555716044985773205e+00
4.799876244397733416e+00
1.818831183777796845e+00
0.000000000000000000e+00
6.510262991808724919e+00
9.343583163101142119e+00
0.000000000000000000e+00
0.000000000000000000e+00
9.599918383230281904e+00
0.000000000000000000e+00
9.051959947387652861e+00
4.581691833669189862e+00
0.000000000000000000e+00
0.000000000000000000e+00
0.000000000000000000e+00
1.256043246040996664e+01
1.307067473746719166e+00
1.009871769585188339e+01
8.408302268806455260e+00
3.319830699775289329e+00
6.129829977297261756e+00
3.824324704722863011e+00
0.000000000000000000e+00
0.000000000000000000e+00
0.000000000000000000e+00
0.000000000000000000e+00
8.054513942701488460e+00
5.312223411334382028e+00
0.000000000000000000e+00
5.939768747293045159e+00
3.406943105545936934e+00
0.000000000000000000e+00
1.294184677438623332e+01
1.241623405407285752e+01
3.061385062240942645e+00
1.028302572764182621e+01
0.000000000000000000e+00
1.093893138790612696e+01
9.288152785145658896e+00
9.956950234766130947e+00
0.000000000000000000e+00
3.095755980249401240e+00
1.394354915723055655e+01
2.486241798884570642e+00
1.292542467608142953e+00
0.000000000000000000e+00
8.564848906061349965e+00
0.000000000000000000e+00
6.047470080911031332e+00
1.834248551794686266e+00
1.237296033537942819e+00
5.729404002815897456e+00
0.000000000000000000e+00
1.316555308576013594e+01
2.221129899629902482e+00
0.000000000000000000e+00
8.723508895555632137e+00
1.244725729738992204e+00
7.533419085000332416e+00
4.939734506984660101e+00
2.364788578294454879e+00
1.298246871644511913e+01
2.307006883821256071e+00
4.336582662875079208e+00
4.896554605782990066e-01
3.055154956553398193e+00
4.480030053533702983e+00
1.928388628490147250e+00
0.000000000000000000e+00
5.224916631256245614e-01
1.275986295280491056e+01
9.598898307874652591e-01
0.000000000000000000e+00
1.023680878941908645e+01
1.035661218238477232e+00
3.250588400625157082e+00
1.886745912947756398e+00
2.403166281405476390e+00
1.221969414318525082e+01
1.391039845125183128e+01
1.042578320715928974e+01
8.953421555291726008e+00
6.770920394054402713e+00
1.180641935634943884e+01
0.000000000000000000e+00
6.734860436451180377e+00
8.471938102906602097e+00
1.391974825236884428e+01
2.132789644905185966e+00
5.070264754939812768e+00
0.000000000000000000e+00
0.000000000000000000e+00
2.146120564422940635e+00
4.022229132208906321e+00
0.000000000000000000e+00
1.143675522085579388e+01
6.506263261125891262e+00
4.409312207743153245e+00
6.684340655276628240e-01
9.515009544310778500e-01
1.909742125302448690e+00
4.375850956453097851e-02
1.368750690391224989e+00
7.756014032657578827e-01
2.159323233622157279e+00
9.305319775300526786e+00
4.754765967925769665e+00
5.926613896298174033e+00
0.000000000000000000e+00
4.507417715746893982e+00
8.995430993481656756e+00
6.152839194727919292e+00
1.714657585856744149e+01
3.631720080094797520e+00
8.122273728568327744e-01
3.416624098473709292e+00
0.000000000000000000e+00
8.848557462767786319e+00
1.427270615042007229e+01
7.539887032557338609e-01
2.392534246799142394e+00
1.074405963405759401e+01
2.998136065038243814e+00
6.678129153429137155e+00
2.807582908425148460e+00
2.016160521629724478e+00
2.167181485933863616e+00
9.452230451839668035e+00
6.607901522484096013e+00
1.983371745920235441e+01
0.000000000000000000e+00
0.000000000000000000e+00
8.947962746106478349e+00
5.955184051837739467e+00
2.370157878800462914e-01
0.000000000000000000e+00
1.551715365440192507e+01
2.521608883121430722e+00
0.000000000000000000e+00
0.000000000000000000e+00
8.658522545098120915e+00
3.201722167489555737e+00
2.522912910697042044e+00
8.820871424786941972e+00
9.833769914027740144e-01
0.000000000000000000e+00
3.693790698134072903e-01
3.432125533441884979e+00
8.621867221690269645e+00
5.731470549294424899e+00
3.288855986878757243e+00
7.208626300990623292e+00
3.231996115742797215e+00
1.568985938792685886e+01
4.087048026846629156e+00
0.000000000000000000e+00
0.000000000000000000e+00
