1.821578975104472775e+01
1.473304941666766865e+01
6.150194233025637836e+00
3.157683944908304952e+01
1.626902009671401217e+01
1.952178569665250052e+01
1.987655061841220316e+01
1.372878650279213097e+01
1.260144329431875576e+01
9.118906981633701392e+00
1.686067963913337664e+01
1.269804766536192631e+01
1.827627367105962364e+01
2.313406377528982816e+01
1.254978946481674562e+01
1.569966788200931695e+01
1.701922421892432880e+01
1.664863207568083681e+01
1.528377432376676381e+01
1.804962738319454729e+01
1.891100121571379944e+01
1.161388966975030712e+01
1.146514326957616881e+01
1.262776568623135098e+01
6.391201436428433524e+00
1.392914391398170970e+01
2.343009569776064538e+01
1.549681188704816925e+01
1.733343506439334547e+01
1.158481324163699711e+01
1.702434157544639248e+01
1.472357087060123426e+01
2.173653029746169807e+01
2.654724689807635940e+01
1.274990842218678999e+01
6.424138099659140622e+00
1.406434728863790262e+01
9.620687526221869845e+00
2.558047862262507621e+01
1.949016581157229311e+01
1.303634829000732864e+01
1.113130371085790493e+01
1.904497142476207827e+01
1.884101303383927117e+01
3.951923389917004759e+00
2.079528811156596291e+01
5.861100807600756468e+00
1.805624004135144745e+01
1.733521279527167280e+01
1.560165218364162243e+01
2.609751314381186305e+01
1.552388187871567382e+01
1.439209093673059492e+01
2.545072561597133287e+01
1.836403663320026780e+01
2.413753885098971708e+01
1.515884412031102357e+01
1.122408763988292790e+01
1.275881869347400688e+01
1.753446955229266280e+01
1.644752124136453730e+01
1.566088964336217693e+01
1.848965067747672109e+01
2.102112966165426045e+01
1.059111985168288506e+01
1.408838081023070821e+01
1.822423943601713248e+01
6.324144800292883950e+00
3.346509937193712148e+01
1.619799808243135431e+01
2.324731439724350324e+01
1.102936353434061445e+01
1.078628436591209194e+01
7.836505931636118305e+00
1.771947476746068517e+01
2.121538542902781543e+01
1.138080878725305034e+01
1.577656738197249453e+01
2.111681369129366459e+01
1.671511651452352609e+01
1.967364315229534455e+01
1.352927105865596680e+01
2.252940748928296344e+01
2.970663063645152491e+01
2.258583838502250529e+01
2.853061678640790788e+01
5.779451368974298120e+00
1.439159200171238240e+01
2.030468376058935220e+01
1.072240644984649549e+01
1.833180815823826038e+01
2.006756782283002849e+01
1.283188153460810099e+01
1.243750761506947633e+01
1.479029183378023582e+01
1.604348751475843216e+01
1.099601552824882056e+01
1.129085364430380167e+01
1.284638780561440008e+01
1.892900852493491826e+01
9.923370342541069533e+00
2.042932124312969222e+01
1.273897264585747990e+01
2.197047426327398512e+01
2.254073909807555154e+01
1.934546094781429559e+01
1.885090633293374651e+01
2.201629445349580294e+01
2.023519514131101360e+01
1.351749515568520188e+01
1.958658225388920826e+01
2.581618114004418274e+01
1.700544554118969387e+01
1.419640161302599779e+01
1.834805294793814312e+01
2.494851678312526033e+01
1.900112155076427101e+01
1.675074773522864291e+01
1.459948163998937609e+01
8.862090108760941831e+00
1.676651386335433003e+01
8.163749691137239139e+00
7.754476035007599855e+00
9.653660772456476025e+00
2.893733973333408827e+01
1.368370926866551329e+01
2.263830941776111416e+01
1.568744657215264660e+01
1.892031862161487865e+01
2.182750703207517518e+01
1.646810537302379629e+01
1.802518080418051483e+01
1.696257210361716261e+01
1.063566493646675326e+01
2.102695086621571718e+01
8.552983332229564084e+00
1.739300919928090394e+01
2.150657657526333466e+01
1.118140798106126965e+01
2.388246719659597161e+01
1.534602937979996540e+01
1.683081053560338347e+01
1.656167234756019724e+01
1.839827731463929794e+01
2.579679106829781432e+01
1.645372009014893067e+01
1.108357039003989364e+01
9.201463716723390363e+00
1.982130049180098652e+01
2.040471084139560531e+01
1.921871374116265585e+01
1.410443499107949528e+01
1.556352239501376999e+01
1.842940524250324330e+01
2.161652571383157095e+01
1.601290316569818017e+01
1.611647233525818734e+01
1.993915556027455693e+01
2.286138353005025792e+01
2.134640883719457349e+01
1.929665200194219921e+01
2.103464892830636757e+01
1.830653759795447044e+01
2.613735778124581088e+01
2.286227809726443638e+01
1.206846903784012603e+01
2.039870256300192608e+01
2.342040254510476771e+01
2.052027135880065956e+01
1.362519928648815259e+01
1.512735943654967130e+01
1.413706689188711252e+01
1.905115132252666754e+01
1.145376211764868124e+01
1.750630190285311727e+01
8.656948059764445702e+00
1.807891849737799816e+01
2.165639310100867121e+01
2.198096473738750234e+01
1.964943512839764495e+01
1.782800676757834424e+01
2.343071557435527907e+01
1.558814053047175285e+01
1.680985834183679017e+01
1.931631476126135993e+01
1.620131687234572126e+01
1.894354437532713220e+01
1.576872250036059242e+01
1.769985582522499712e+01
1.509184457565275039e+01
2.382365999142130164e+01
8.116625714429250849e+00
1.560811714919162085e+01
1.999935154798445325e+01
2.096251296463313452e+01
1.864362902485038020e+01
1.817657857509214736e+01
2.462393953405272029e+01
1.660051930871116355e+01
1.431016921614525295e+01
1.059509763524947523e+01
1.207499794424060902e+01
5.608502898002757142e+00
1.049098582948637137e+01
1.440735910890567695e+01
7.911325511028247881e+00
1.659981545967634986e+01
1.443515788415528434e+01
1.961179921529282311e+01
1.096918385106881111e+01
1.948526382499515108e+01
2.024931720192401841e+01
1.477128510942811523e+01
1.973546794833305995e+01
1.675290485506800309e+01
1.080398170341403663e+01
1.410975550612724483e+01
9.991763176102713473e+00
1.731774530185488103e+01
1.717808535554236826e+01
1.300052450768071743e+01
1.995372390656519102e+01
1.317004105497259303e+01
1.084548283915579781e+01
1.780395512771366739e+01
9.297530206562409916e+00
1.806015781514674856e+01
1.618918233962368802e+01
1.186314867222420766e+01
1.460304265975712923e+01
1.403541758172952747e+01
2.033371357525568257e+01
5.273152819180176643e+00
1.255860142766565701e+01
1.456686589518000119e+01
1.451097780408755966e+01
9.894168838095131591e+00
1.618340502796068137e+01
2.071022607628094647e+01
1.499825481206185529e+01
1.751642994288643251e+01
1.517841337830721571e+01
1.457944489923957576e+01
1.863332745417957526e+01
1.329443457646262061e+01
7.335008178297718118e+00
1.469924160483164677e+01
8.844844778932248630e+00
2.203679663385225496e+01
2.186645317591919380e+01
1.706898504145217288e+01
1.908237077908597712e+01
1.015979955221475883e+01
1.224932196266690276e+01
8.933361024418454477e+00
1.142086310295618290e+01
9.160715990567535272e+00
1.793852245075568064e+01
7.365042663399764322e+00
9.469730343597337452e+00
1.968936355996197207e+01
1.993894771461645021e+01
1.277062700671295836e+01
1.178675744578597318e+01
2.873990258338696790e+01
1.052809048503571354e+01
1.609752651131057277e+01
1.792280775940742998e+01
1.363042826646608141e+01
1.174647904075367144e+01
9.234728851819333784e+00
1.627572814853570193e+01
1.314545823508556310e+01
2.522256096856214214e+01
5.454818746759395154e+00
2.047485923920389794e+01
1.382654002148156636e+01
1.836698537572203094e+01
2.073107677976225638e+00
1.744294166484329267e+01
1.283413413247488855e+01
1.610646816243387747e+01
1.947192383230938972e+01
1.143157386832274902e+01
1.233639524199584336e+01
2.376305002598128269e+01
1.610489644618372296e+01
1.101952731558715470e+01
8.490514752842715396e+00
1.649052626640785491e+01
1.641318509344720411e+01
1.263676262538128725e+01
1.619584084753187625e+01
1.675644114035511834e+01
9.458650619253438308e+00
1.460382849289437068e+01
1.276828958281248916e+01
1.178097160867507220e+01
1.925618558140827119e+01
9.736895567425683851e+00
1.569037435388694846e+01
1.890471454837855347e+01
1.712632758269046462e+01
1.671926119770764529e+01
1.275110334215967001e+01
1.509308150947121518e+01
1.520682424040773562e+01
3.676756784479243922e+00
2.315469346472284418e+00
1.224756051850699379e+01
1.563657668806835055e+01
1.978709418993354063e+01
1.596708494010268886e+01
2.010001755953896563e+01
1.167037200826109711e+01
1.735842897526870843e+01
5.319081241962422268e+00
2.064833260408055793e+01
1.648558240545263587e+01
1.919898994421714633e+01
1.294593430431141634e+01
1.655778890413657223e+01
1.579462429481422170e+01
2.570171360326148857e+01
1.311620513554713696e+01
3.439255527154777070e+01
1.377697761708581226e+01
2.179508967973561795e+01
1.917822648693567800e+01
2.130420875109112444e+01
1.474241729054167216e+01
8.006834100797288301e+00
1.065608032340344558e+01
2.545824632438462487e+01
1.838190853412936221e+01
2.335284805920414541e+01
2.039031991330052662e+01
2.624089271673600621e+00
8.096427925215017751e+00
1.443724216175486630e+00
1.432113173501857162e+01
1.273310478311957361e+01
1.347301101497121145e+01
1.259760002129164924e+01
2.160236929376538484e+01
2.259424590626453266e+01
2.597573273929534210e+01
1.535451606334784280e+01
1.428765486590029354e+01
1.995625109676612041e+01
3.753648711399230731e+00
1.904849997002617457e+01
1.702565393424859153e+01
1.382175255733867303e+01
1.977948003292318546e+01
1.440104300174499485e+01
1.473222735022425134e+01
1.516309844202346468e+01
1.484396357790864052e+01
9.840714437601208786e+00
1.459009935750784948e+01
1.387215421565976392e+01
5.925021212548792882e+00
1.817010695547307719e+01
2.762898251395705529e+01
1.700475125516654629e+01
2.123468781115139592e+01
1.675475505501572471e+01
1.419617651822161442e+01
1.915086369679975320e+01
2.121536253393086469e+01
1.890394974986746846e+01
1.537874604863041483e+01
2.466407770962121404e+01
1.314860052264001666e+01
4.532102601720129798e+00
1.769953541246153250e+01
2.102009966188808221e+01
6.542435120527549053e+00
1.431147861702293334e+01
1.688852892737557454e+01
2.065969848551404553e+01
1.667897033465266787e+01
2.282963933863576855e+01
2.068198777648020581e+01
1.748227684716955466e+01
1.071412277793551304e+01
9.606120101541037570e+00
1.152848620532456003e+01
1.512802699894301206e+01
1.073511698122983660e+01
2.420527454328941985e+01
1.840587611526604306e+01
1.007468234199730794e+01
2.244382481762522019e+01
6.596995405864616302e+00
2.401371762124755804e+01
2.097663691426112464e+01
1.749856378661175071e+01
1.852604290825629718e+01
1.799737739520386981e+01
1.736971282513544779e+01
1.626629255554167486e+01
2.525784299951114065e+01
9.406925222740968096e+00
2.070318044032251592e+01
2.284983252175205948e+01
9.908469156294497537e+00
1.026343534100030830e+01
1.553235434655198155e+01
1.534209635234904390e+01
5.864174799115558834e+00
2.201294327693132402e+01
2.496809200395692585e+01
2.828903198355644477e+01
5.360754018268932164e+00
2.156385233328238726e+01
2.417868225921214886e+01
1.919283484092632008e+01
1.336802485350793823e+01
2.557683563865124654e+01
1.966243742474683032e+01
1.249816698789319425e+01
1.216593456840231369e+01
2.161975096077982883e+01
1.966474727789846710e+01
2.196810909654321264e+01
1.361050986380040051e+01
1.821266746271780690e+01
1.169170867147654036e+01
1.972700505428992557e+01
1.944603347186612297e+01
1.650231182950171771e+01
1.894458774137008206e+01
2.206191254725887063e+01
2.505780224156675473e+01
1.234611416103335202e+01
3.027214049045875299e+01
1.565509032656535382e+01
8.379297299282086442e+00
1.500062551016063850e+01
2.052936937233678449e+01
1.397227089532578681e+01
1.570769215151448428e+01
1.360896785258540653e+01
3.018221286030238204e+01
1.164299017763915778e+01
1.955045507245782233e+01
1.416093248436537877e+01
2.581761171674003918e+01
2.348585893106963240e+01
1.782918553246136995e+01
1.296225738738708166e+01
1.129546736586200595e+01
6.084389728796587349e+00
1.452540685476483873e+01
1.409043505638985039e+01
1.443197444692285103e+01
1.652765658494307033e+01
1.586712744659652863e+01
1.184290310072164232e+01
2.521523666432761246e+01
1.072599503238124896e+01
2.442999463861421106e+01
1.598261647401724339e+01
2.677088166447552098e+01
1.431089789408788349e+01
1.697662544434740539e+01
9.911071730781092270e+00
2.618311696618874507e+01
2.128833383450148986e+01
3.207014080115548182e+01
1.103657535397419664e+01
1.211231707445902828e+01
1.674594313716025695e+01
1.118692973403183899e+01
1.973881912985753573e+01
9.582833381727347444e+00
1.064075484661739779e+01
1.438943670980286527e+01
2.520517917106536743e+01
1.430221551304558147e+01
2.579940037370133510e+01
1.455150414219531285e+01
1.557515716830035046e+01
2.002108388128155880e+01
1.772673031624545814e+01
1.704211047919291744e+01
1.249557687933460493e+01
1.790417671299698910e+01
1.577788638068263793e+01
2.863265036929935192e+01
1.372287550012146262e+01
2.627755544380260133e+01
1.135421755145728007e+01
1.880150602040475860e+01
1.708074952338917285e+01
1.753157813296323297e+01
1.606717499124107817e+01
1.095011326188626910e+01
2.267322348952778199e+01
1.541477108787917416e+01
1.786360178796924103e+01
1.826716419741198294e+01
1.291586590770742937e+01
1.349477673535900024e+01
1.688281640036552744e+01
2.115375340072663235e+01
1.231066803669230403e+01
2.100452042829891752e+01
2.612708477575204213e+01
1.485069088576878116e+01
2.205042081155756151e+01
1.141078381532959263e+01
1.248539634908082263e+01
1.221420009975294363e+01
1.155029867630041451e+01
1.728720674296393867e+01
2.038767819878848186e+01
2.817983825031014433e+01
1.703970724139998794e+01
1.506415752711002476e+01
2.088104822064133259e+01
1.278280641774853521e+01
2.502968216251691658e+01
2.095145998023243195e+01
1.709546853628921070e+01
1.832580568201061411e+01
2.342239376624859304e+01
1.360056590167843460e+01
1.833092127634793655e+01
1.914571767372862610e+01
1.573020559917118710e+01
2.014077181104855541e+01
1.640765377222570365e+01
2.059136202794125126e+01
1.480559066492829778e+01
1.626185227683409096e+01
3.109934999848127291e+01
1.528585244723432091e+01
1.554521851522245335e+01
1.693578344039223538e+01
1.547149946462800507e+01
1.481879525085090066e+01
1.918771748444015657e+01
1.719409179808334898e+01
2.449684521911030544e+01
1.982317351842380049e+01
1.978693962558950403e+01
1.823558424663755773e+01
1.281823442258324164e+01
4.724153521947659584e+00
1.930837636214728903e+01
1.371899042305338590e+01
1.270198061127618061e+01
2.419539070641602407e+01
1.023281181216235680e+01
1.884760663755339749e+01
3.886818701519889174e+01
2.539446261918939385e+01
1.220823384690557845e+01
1.670732882510099060e+01
1.504303549365573112e+01
2.088417240668772124e+01
1.851011086277993201e+01
1.576463513876178624e+01
1.675335320130497507e+01
2.666643711842409559e+01
2.353166586451740727e+01
1.928917318489705224e+01
2.078881078838685070e+01
1.112167546039102817e+01
9.735192415119415799e+00
1.768596272296000649e+01
2.264341358007462546e+01
1.022355834718399770e+01
2.222282605223360008e+01
1.571700769503256900e+01
7.976566289280024868e+00
1.732236296307588219e+01
2.372703744222222255e+01
1.429432485679804543e+01
2.395726012695589091e+01
2.360789681474732049e+01
1.663844297642911130e+01
1.595033653325125123e+01
2.098708721743660277e+01
1.047071078903086239e+01
2.037123873163359633e+01
6.892071332349957835e+00
3.310065841145335241e+01
1.023624896895604941e+01
1.266210748511222484e+01
2.260280607692613941e+01
1.257177737274932916e+01
1.940001480762636277e+01
9.573449193564954385e+00
1.725099947096626352e+01
1.172581009936513041e+01
1.299396139339283174e+01
1.613782303826596376e+01
1.069229133546565080e+01
2.099436567221158256e+01
7.987020121447058862e+00
1.847785564406180114e+01
1.884494399550693444e+01
1.433967976945811174e+01
1.955856516449279425e+01
1.703015142486277966e+01
1.825062954449381536e+01
2.052338987014968552e+01
1.915008924591268169e+01
2.044487949748437572e+01
1.809487343678426896e+01
2.376054570345273476e+01
2.461266517924887864e+01
6.853555786773669389e+00
1.396727563950378936e+01
1.791453938610786523e+01
2.411527628534576806e+01
2.405209929271265423e+01
1.151229854422270193e+01
2.005541429128474462e+01
1.971827514951763050e+01
1.114501285663840591e+01
7.971563867798750813e+00
1.629530332074333998e+01
1.828909879716874443e+01
1.553139494566680057e+01
2.257379156024067868e+01
1.241923136272250794e+01
1.791874700641362139e+01
2.320389749208284869e+01
1.838907247746552187e+01
2.538171965418752407e+01
1.532223606844757313e+01
2.151974491155669256e+01
1.355639653310585757e+01
1.336955834900443207e+01
1.485770697913271654e+01
1.534557051582581799e+01
2.324972916179020288e+01
1.895837404230638512e+01
1.757981109697372091e+01
1.618229674110355631e+01
1.829892164120470355e+01
2.252776719414874407e+01
2.599663730446419407e+01
1.158205608426427879e+01
2.109534645017189902e+01
1.360573582465357667e+01
1.347642517032338105e+01
1.405908108271612456e+01
1.745064353036817195e+01
1.668879320867205962e+01
1.548773857984740410e+01
2.090978425489484493e+01
9.166037616950815092e+00
1.351141370426004329e+01
1.946600536869384612e+01
1.954815289754701269e+01
2.173624234871739702e+01
1.583026229146372366e+01
1.779190446859338337e+01
2.918754579245446834e+01
2.471408282715923121e+01
1.632025721305127064e+01
1.315407087235922923e+01
9.683925604839618728e+00
1.763859184814141656e+01
1.915990074779910302e+01
8.808488856774737030e+00
1.055190659879656323e+01
2.101731879451592633e+01
1.827120207976459199e+01
2.122232247280076578e+01
1.514904985907966939e+01
2.357028772034432862e+01
2.276215555177655148e+01
1.286995791276097201e+01
2.275071149158066675e+01
1.960408596003548709e+01
2.314781383841900819e+01
1.971224595788123324e+01
1.858488859511795965e+01
1.491798216734607330e+01
1.640568736123379878e+01
4.737565030337711036e+00
1.111805917412743661e+01
9.809559801168557414e+00
1.852062988993240822e+01
1.206757355004648247e+01
8.288744874573097832e+00
1.662676244586845442e+01
2.449851610005034530e+01
1.522492986119758562e+01
1.824695020114402766e+01
1.525467778112025208e+01
2.081397439926167436e+01
1.830470659373175479e+01
6.981360471979565219e+00
2.726986887473694665e+01
1.657897759070941390e+01
2.233196264833930300e+01
1.427206617438308278e+01
2.045389369113062372e+01
1.122422120375821741e+01
1.557756612567949261e+01
1.935847660260488823e+01
1.265771294763133881e+01
1.035578536539510885e+01
1.632997886598861825e+01
1.512188439747217217e+01
2.088114935640005854e+01
1.485369010801146672e+01
2.091899304721663455e+01
1.612421418614377799e+01
1.412895106155893643e+01
1.335606388903840447e+01
1.380210872094535546e+01
2.261132625497477022e+01
1.489230918983373897e+01
1.975806046890859591e+01
1.823815725457079751e+01
2.217747110489878537e+01
1.629440310041776030e+01
2.204783629492605712e+01
9.938118902707437030e+00
9.412860880531713548e+00
1.772609518340996360e+01
7.624509855822192428e+00
1.362939838843067619e+01
1.523073201145948907e+01
2.139595618918775699e+01
1.841813656862379744e+01
1.609098815781738168e+01
1.931507115417906562e+01
3.150586895411988309e+01
3.809460596406852417e+00
1.874965294953913286e+01
2.442701148580636428e+01
2.042873763410040411e+01
1.276841547295975587e+01
1.942850884898435382e+01
1.435873990946714684e+01
1.430828953393691449e+01
1.650332079264076057e+01
1.487801173321891390e+01
1.787050252314477561e+01
1.703286934335177705e+01
1.887499808376548316e+01
1.280281250600423881e+01
1.220452514051908111e+01
2.220674519711924333e+01
1.756405444092006007e+01
1.829502297061281624e+01
2.361766439802285333e+01
1.329861260828286085e+01
3.179460331705796250e+01
1.601596266580593309e+01
1.629790114199775175e+01
8.628883368321677239e+00
2.107297520427907855e+01
1.952709203205712996e+01
1.363003642414933658e+01
1.565709110426525363e+01
1.762231830401190535e+01
1.571528045058343892e+01
1.102850441225500866e+01
1.525799941470781462e+01
1.866490374983912659e+01
1.102572727120372775e+01
3.227810281756182320e+01
1.548333359312736768e+01
2.135565573802590933e+01
1.931822406383651725e+01
1.288468360845454974e+01
1.756973654195968848e+01
2.260589987771021825e+01
1.660222253662801606e+01
1.481441027544134670e+01
1.214034087105589776e+01
1.553739928851191543e+01
1.523867702977790017e+01
8.651981316937824573e+00
2.012338643149310613e+01
1.171813967230599296e+01
5.294318192669456025e-01
2.251365284756055019e+01
1.422576732417040901e+01
1.202080639188074507e+01
5.801138935671374952e+00
2.366017725024897445e+01
1.363346673649966156e+01
2.286239252624037022e+01
1.626078603793408917e+01
1.659618760434656437e+01
1.411779018837813204e+01
1.497295474874401222e+01
2.495256039011276172e+01
1.464457032775758272e+01
2.353945159641484963e+01
2.380205536742203520e+01
1.574614054612523262e+01
1.503726960736428175e+01
2.475694658872812681e+01
8.104562762394341036e+00
1.895385742590104527e+01
2.820216756625714183e+01
1.127852057386480489e+01
1.438072780487198266e+01
1.157887842453052230e+01
2.279650112108839366e+01
1.347532462305161083e+01
2.048806008697324188e+01
1.885566900454031014e+01
1.206895839300677409e+01
1.734618762125017355e+01
1.332136825922715850e+01
2.621870809984646655e+01
2.712640378214615566e+01
1.733481033092711598e+01
1.306472976343800063e+01
2.087451940885182466e+01
2.238028138764167352e+01
2.816220660555435273e+01
1.480389975353645582e+01
1.695120812584363179e+01
1.264217192323971517e+01
1.808385657202825314e+01
1.622523114093967678e+01
9.191292812821975744e+00
1.250191593636809984e+01
1.956109813333132408e+01
1.745456133268851318e+01
1.875862887164280224e+01
1.847656060832501623e+01
2.041271789067252840e+01
1.954271699182430666e+01
1.894278144556826859e+01
2.708808902236219041e+01
1.286380866939180834e+01
1.395301438710477271e+01
2.270395656940301166e+01
1.713312912731479187e+01
1.434086704622417408e+01
1.118369870174211300e+01
2.212374875459382295e+01
1.059074792564816470e+01
2.172203451641401628e+01
1.867691794697467245e+01
1.860664379285873693e+01
1.931660849285087167e+01
3.496548077525191189e+01
2.316062360395252995e+01
1.381056220878921970e+01
6.147457135358786573e+00
2.210349851139708122e+01
2.238112644404045426e+01
1.125962254970969489e+01
2.182213785216790569e+01
2.257402040666598708e+01
1.542559722025204572e+01
1.528540324472624867e+01
1.851185610470214726e+01
1.669994925245521245e+01
1.885292626406794980e+01
1.583354959922080774e+01
1.519054025027658028e+01
1.946960452213096815e+01
1.666789243062632053e+01
8.098274357041894689e+00
1.187335014120115240e+01
1.486579603060221544e+01
1.452569870074595215e+01
2.799418642220261333e+01
2.695872687963475656e+01
1.059915928740436897e+01
2.632791526169845753e+01
1.619657136141706388e+01
2.277546316259519799e+01
2.437288472135995931e+01
1.830299187443159070e+01
1.864814378122710536e+01
2.197612193780037515e+01
2.558822630416176480e+01
1.907282258710228362e+01
1.545542151752430549e+01
1.441737850021130107e+01
1.710082632198194830e+01
1.608239745802481835e+01
2.742050174560834108e+01
2.259552766092915732e+01
1.612325094343404785e+01
1.969622804071627442e+01
1.755517005350997906e+01
2.598117447586227158e+01
1.849182515002289762e+01
1.611542504501961659e+01
1.966324228748582570e+01
2.168932156759955276e+01
1.879297064986941379e+01
2.321133988519427049e+01
2.470093923191605256e+01
2.513990782869625207e+01
2.750967596538860604e+01
2.383832746182574525e+01
1.252974128591264957e+01
1.717966459501478838e+01
2.331346507728249762e+01
8.118835456378363347e+00
1.079429254133352067e+01
1.465636263557144581e+01
3.106064988043740271e+01
1.486083886767575990e+01
2.170483969351862541e+01
2.073405843072922039e+01
1.983087934369653027e+01
1.534431838078393007e+01
2.161200524849916604e+01
2.418606752168325258e+01
2.498987006598655114e+01
1.784247975698363575e+01
2.432355886620944574e+01
2.334324067695201776e+01
2.282436556159686702e+01
2.705354120555915998e+01
1.218737025246793237e+01
1.482982736525645961e+01
2.774183650885641228e+01
2.909918215103991912e+01
1.365329839675789003e+01
1.378889184529826117e+01
7.098383951390086821e+00
3.007048927870535682e+00
1.466650202424421323e+01
1.819775393430396448e+01
2.148818203437373953e+01
2.521821209909825257e+01
2.588206103791047497e+01
2.143261144705101273e+01
1.656800461818552250e+01
2.380399136115857672e+01
1.373763279126231573e+01
1.659880646468005239e+01
1.734185412946081328e+01
1.243167588489220243e+01
2.009384916572328805e+01
2.969003484070780630e+01
1.382370378259215649e+01
1.547544101568897190e+01
1.172019476390574511e+01
2.473307229511923921e+01
2.757133864971010695e+01
2.223855209255210497e+01
2.095899391609615847e+01
1.625597002467433327e+01
1.912287136307172375e+01
2.030806354201118680e+01
1.433458140861897689e+01
1.838481337328484955e+01
3.178436272426266385e+01
1.824996568279901865e+01
1.329114631039046301e+01
2.310610199203871318e+01
2.041161923219955554e+01
1.598333549173414170e+01
2.778588488072460905e+01
1.876856233953057185e+01
2.002939611958493416e+01
2.409427833351322334e+01
1.550888054598119581e+01
3.428346256429612282e+01
1.438496600439815687e+01
1.208318333494073471e+01
2.367520714645300117e+01
1.074150649129489032e+01
2.701491170815736709e+01
1.201235289285791552e+01
3.284135052636346330e+01
2.220033265603867534e+01
6.279926301332533711e+00
1.280464743195569000e+01
1.736614614666834555e+01
1.625743111494006854e+01
1.714805037593842130e+01
2.186055749944019411e+01
2.061890409321283357e+01
2.031218343126341352e+01
1.528237921136681621e+01
1.315150646252210187e+01
2.329133222294127847e+01
2.872018241522881965e+01
2.096813582293877687e+01
2.735184292250139038e+01
2.076483148945633417e+01
2.221041494251592852e+01
2.235980229563081778e+01
1.708609012881543521e+01
2.069782644660999793e+01
