604
482
632
494
98
396
816
406
60
484
646
1336
270
650
1
1030
1018
1056
176
1520
292
970
238
1
316
326
458
1696
466
266
566
620
1
1
468
104
1076
682
1
568
68
220
1890
176
238
1258
466
314
690
234
64
78
202
146
276
164
148
168
324
1962
1130
458
814
606
3740
208
1980
1
140
1372
602
758
610
1370
1238
424
1970
1
744
224
376
538
320
84
2110
498
1
916
580
104
1438
1096
1
376
242
94
2650
718
76
516
1
1
1
1
1
1
1
1
1
1
1
1
1
1
1
1
1
1
1
1
1
1
1
1
1
1
1
1
1
1
1
1
1
1
1
1
1
1
1
1
1
1
1
1
1
1
1
1
1
1
1
1
1
1
1
1
1
1
1
1
1
1
1
1
1
1
1
1
1
1
1
1
1
1
1
1
1
1
1
1
1
1
1
1
1
1
1
1
1
1
1
1
1
1
1
1
1
1
1
1
1
44
1
1
1
1
1
312
1
1
1
268
84
1
1
174
1
412
1
158
1
526
1
1
180
1
322
272
1
1
1
1
72
84
112
1
1
1
1
1
1
1
1
14
1
1
1
64
1
1
1
16
1
1
1
52
1
362
1
244
1
1
1
190
148
822
1
82
1
1
1
1
1
1
1
370
1
224
1
564
1
770
1
266
1
1
1
1
1
1
1
1
1
216
1
420
1
1
734
214
338
140
1
292
3802
1
1
292
532
1
2110
2130
220
240
342
1
1
1
1
104
360
1034
1132
1244
1516
1
176
1
2216
616
1294
1
530
1
684
1
360
1
1
1126
1
4000
1
954
414
2202
1
1
540
470
496
2418
1654
70
134
2318
678
3462
1
870
1312
1
668
622
54
1
1
852
1
72
1
886
342
1294
1
1
1288
336
1
362
592
400
1
158
1
120
1
1604
1
1
376
282
1
1
456
4000
1
934
526
1
1
1
1
1
1
1
1
1
1
1
1
1
1
1
1
1
1
1
1
1
1
1
1
1
1
1
1
1
1
1
1
1
1
1
1
1
1
1
1
1
1
1
1
1
1
1
1
148
1
1
1
1
1
1
1
1
1
1
1
1
1
1
1
1
1
1
1
1
1
1
1
1
1
1
1
1
1
1
1
1
1
1
1
1
1
1
1
1
1
1
1
1
1
1
1
1
1
1
1
1
148
1
1
1
1
1
1
40
1
1
1
1
1
1
1
1
1
1
1
1
1
1
1
1
1
1
1
1
1
1
1
1
1
1
1
1
1
1
234
1
1
1
1
1
1
1
1
1
1
1
1
1
1
1
1
1
1
1
1
1
1
1
1
1
1
1
1
1
1
1
1
1
1
1
140
684
1
1
1
1
1
1
1
1
1
1
1
1
1
1
1
1
1
1
1
126
1
1
1
1
1
180
1
1
1
1
1
832
1
232
1
48
1
168
1658
1
1
44
1
1
1
190
1
878
1
1
1
178
1
1
1
416
1
1
376
124
1
232
1394
1
1
240
1
710
644
1
304
90
1
98
94
160
1
1
1
362
892
1
1
200
1
86
1
1
38
250
174
246
218
160
360
1
1
1
1
174
1
1
1
1
1
1
1
1
1
292
1
1214
1
460
1
1
1
1
312
4000
148
50
210
158
2884
1
3354
1248
498
398
606
796
970
286
1588
1
1
1
4000
1326
4000
392
418
406
268
4000
1
1
188
302
1
378
474
162
1138
3114
764
656
3664
256
744
120
298
4000
4000
632
260
162
1
1
4000
532
1860
894
1102
850
1372
144
610
1470
212
584
422
1462
1
4000
3960
658
1332
4000
3130
2256
566
88
944
2494
4000
212
358
528
708
1
268
1468
990
340
1
1
744
956
834
138
1
164
52
658
1
2918
440
1
1924
488
320
346
1
1
1
1
146
90
1
1
1
1
1
540
1
1
180
1
1
182
1
1
1
46
1
1
1
362
3908
1
1
1
1
1
454
1
1
1
1
1
1
1
164
258
1
88
1
1
1
1
758
1
1
1232
1
1
1
1
1
1
1
1
1
1
1
1
400
360
1
1
1
1
1
1
50
1
1
1
1
974
318
1
1
1
1
1
1
1
970
1
1
424
1
1
1
1
1
1
1
1
1
1
94
1
1
1
154
74
1
460
1
1
1
1302
272
1
1
1
1086
1
1
772
234
1
1
1
1
1
408
774
216
1
714
1
1
300
1
862
1
1
1
1
180
1
1
1
1
364
1
1
1
1
1
1
1
1
1
334
1
1438
310
160
68
502
410
650
332
1
1
812
1
1
690
1
1
834
1
34
158
1
1
1330
1
740
554
728
1
1
454
1
1
2704
1
1
1
1
1
242
160
144
830
1
