1004
561
518
409
144
5
242
458
6
104
305
734
92
648
1
952
247
382
4
1928
124
1346
216
1
278
263
524
381
433
3
173
569
1
1
288
3
1191
536
1
242
3
2
717
120
3
864
408
79
1093
174
2
94
3
116
144
308
128
3
3
1015
776
699
204
575
2280
4
1633
1
313
2685
188
404
104
510
507
725
1444
1
4001
366
555
435
325
3
828
319
1
122
741
2
352
1241
1
67
380
2
2599
113
35
287
1
1
1
1
1
1
1
1
1
1
1
1
1
1
1
1
1
1
1
1
1
1
1
1
1
1
1
1
1
1
1
1
1
1
1
1
1
1
1
1
1
1
1
1
1
1
1
1
1
1
1
1
1
1
1
1
1
1
1
1
1
1
1
1
1
1
1
1
1
1
1
1
1
1
1
1
1
1
1
1
1
1
1
1
1
1
1
1
1
1
1
1
1
1
1
1
1
1
1
1
1
2
1
1
1
1
1
450
1
1
1
4
2
1
1
2
1
672
1
4
1
4
1
1
194
1
245
3
1
1
1
1
3
3
2
1
1
1
1
1
1
1
1
2
1
1
1
2
1
1
1
2
1
1
1
2
1
351
1
3
1
1
1
130
3
940
1
71
1
1
1
1
1
1
1
555
1
2
1
832
1
4
1
3
1
1
1
1
1
1
1
1
1
138
1
228
1
1
370
208
2
3
1
3
1203
1
1
3
226
1
1039
2354
2
4
226
1
1
1
1
2
2
6
738
925
892
1
2
1
2795
538
4
1
4
1
3
1
3
1
1
1640
1
4004
1
271
3
3049
1
1
2
204
592
1153
1082
42
200
3779
205
420
1
305
543
1
346
274
2
1
1
187
1
2
1
184
239
3
1
1
1006
2
1
3
2
271
1
3
1
3
1
763
1
1
123
3
1
1
3
3122
1
233
584
1
1
1
1
1
1
1
1
1
1
1
1
1
1
1
1
1
1
1
1
1
1
1
1
1
1
1
1
1
1
1
1
1
1
1
1
1
1
1
1
1
1
1
1
1
1
1
1
2
1
1
1
1
1
1
1
1
1
1
1
1
1
1
1
1
1
1
1
1
1
1
1
1
1
1
1
1
1
1
1
1
1
1
1
1
1
1
1
1
1
1
1
1
1
1
1
1
1
1
1
1
2
1
1
1
1
1
1
102
1
1
1
1
1
1
1
1
1
1
1
1
1
1
1
1
1
1
1
1
1
1
1
1
1
1
1
1
1
1
196
1
1
1
1
1
1
1
1
1
1
1
1
1
1
1
1
1
1
1
1
1
1
1
1
1
1
1
1
1
1
1
1
1
1
1
2
690
1
1
1
1
1
1
1
1
1
1
1
1
1
1
1
1
1
1
1
180
1
1
1
1
1
2
1
1
1
1
1
598
1
2
1
90
1
2
1256
1
1
2
1
1
1
2
1
340
1
1
1
2
1
1
1
264
1
1
2
2
1
2
1956
1
1
2
1
426
340
1
143
58
1
2
207
220
1
1
1
3
1714
1
1
2
1
2
1
1
2
171
2
2
2
3
258
1
1
1
1
2
1
1
1
1
1
1
1
1
1
307
1
501
1
184
1
1
1
1
200
491
2
2
3
2
1868
1
771
1702
346
100
3
715
870
200
3346
1
1
1
4002
1844
4003
228
1131
235
4
1123
1
1
851
2
1
1891
248
4
285
2070
3
564
603
5
481
92
515
4003
927
473
218
341
1
1
565
162
1727
506
663
983
764
112
260
897
56
412
3
937
1
4001
987
592
1211
924
4000
1989
254
2
1261
1512
3032
74
164
4
918
1
230
4
547
295
1
1
79
856
3
150
1
145
2
205
1
2728
534
1
808
528
258
5
1
1
1
1
2
2
1
1
1
1
1
225
1
1
2
1
1
2
1
1
1
2
1
1
1
2
1476
1
1
1
1
1
2
1
1
1
1
1
1
1
2
246
1
4
1
1
1
1
792
1
1
501
1
1
1
1
1
1
1
1
1
1
1
1
2
362
1
1
1
1
1
1
28
1
1
1
1
881
425
1
1
1
1
1
1
1
573
1
1
208
1
1
1
1
1
1
1
1
1
1
3
1
1
1
2
2
1
2
1
1
1
215
3
1
1
1
1036
1
1
468
2
1
1
1
1
1
356
3
3
1
2
1
1
2
1
1213
1
1
1
1
404
1
1
1
1
4
1
1
1
1
1
1
1
1
1
223
1
3
3
2
3
440
174
344
2
1
1
732
1
1
192
1
1
262
1
2
2
1
1
536
1
566
143
968
1
1
397
1
1
1218
1
1
1
1
1
2
2
468
254
1
