2395
1999
2237
3733
1455
1259
1643
2353
685
1343
2017
2627
1455
1785
991
2585
2505
2435
1283
2717
1813
3999
1289
2629
1707
3099
1709
3141
2035
1425
3013
3999
1191
1083
2549
1251
3999
2197
993
1513
1687
1261
3819
1611
2785
2863
2027
1847
2935
1263
923
1585
1265
813
1039
1697
865
2739
2671
3931
3999
2891
3999
1311
3999
1349
3999
1273
1013
3999
1989
2761
3999
2813
3767
2081
3999
1013
3999
1417
2203
2281
2401
1127
3999
2289
1127
2157
1675
711
3321
2779
783
1191
1279
1309
3999
929
727
1531
321
395
447
445
491
771
299
473
573
279
621
239
525
83
301
299
445
405
433
241
345
221
275
369
267
587
455
255
351
483
427
431
551
439
245
521
731
273
173
257
343
649
287
313
295
349
479
415
169
327
219
631
197
221
371
205
223
289
301
641
197
245
429
411
457
389
273
289
247
355
269
165
335
329
147
301
279
429
257
575
171
411
271
345
337
399
627
445
353
379
271
273
227
561
341
495
335
379
217
231
1351
1087
401
969
1459
445
2037
1551
979
961
887
3291
1243
1259
495
1377
545
1865
461
931
1035
1213
793
1241
2545
965
1015
2063
1075
1299
2325
639
967
697
1895
1109
1135
2443
835
581
1407
1245
977
837
1035
977
451
1161
373
277
567
659
1063
531
1131
1031
419
2109
1013
1089
739
875
947
1001
1371
1823
619
1157
737
669
1473
927
427
1003
649
2291
491
803
1937
3679
561
3999
1601
3837
1677
629
515
1743
1263
673
1369
607
407
3001
1233
2347
307
1099
2195
1293
1639
2467
1643
3999
3999
1425
485
1903
2163
1207
3999
3999
1939
1901
3143
1205
1557
1701
973
1449
1353
3999
3999
3999
3999
1593
1549
1473
3999
3999
2431
1611
3421
1805
3941
1287
1715
1055
605
3261
1021
3999
1111
3999
2343
3999
343
1809
2115
3999
3999
3999
3999
1227
779
3999
2331
2275
983
2763
3635
705
2969
3999
1701
629
1561
3999
1529
1261
1365
3999
1779
3461
3135
1327
3999
1493
961
2305
2299
1787
901
2373
945
3999
1019
3999
1695
1311
3095
1973
445
683
3999
3999
747
2987
2483
1955
917
641
639
547
1209
367
671
303
759
577
871
499
689
1353
619
691
1073
677
341
2055
481
895
505
757
375
791
333
677
817
1245
463
587
637
573
515
181
595
1119
519
369
169
393
519
683
759
595
567
1115
503
695
717
1641
769
567
771
695
503
981
995
1253
439
1209
519
541
277
909
351
957
393
563
291
487
251
447
573
437
1317
311
485
789
411
621
313
947
299
535
713
397
393
399
705
443
495
869
591
285
1539
671
1017
407
1513
919
537
717
813
1225
517
2309
869
321
857
701
785
1049
1545
369
585
797
729
645
745
1351
607
973
1247
619
1661
1035
789
499
1069
625
1553
449
425
421
1235
371
2337
779
1145
371
825
321
587
815
603
1411
1015
971
1159
811
1255
583
1401
1811
313
1033
437
353
1031
373
1401
771
1085
477
1101
697
1207
409
1213
709
705
543
905
2933
783
1065
971
837
1223
905
2129
733
1007
933
789
1091
641
341
571
789
1777
269
1557
1483
1093
833
443
1181
759
1035
1167
895
545
903
725
2411
495
2415
537
1613
915
2117
3999
1775
433
1269
1101
455
615
725
915
2773
725
1123
1007
1223
561
785
633
1679
331
947
1437
1177
983
2035
3401
671
1085
1303
597
2907
1397
665
2337
743
453
1395
927
1245
1171
959
1499
1999
3079
927
465
815
1639
777
1469
431
1685
1479
795
1665
1229
1027
1439
1005
529
943
635
1173
565
1077
861
695
883
2333
755
1357
1557
3137
1005
3937
1033
3317
1277
1829
825
1071
1359
2369
1029
979
1979
733
3999
1389
3999
3999
2469
2339
3483
3999
3831
867
3999
2217
487
1093
3999
3999
3999
3999
3999
2783
2591
3999
963
3467
3125
3999
661
3765
3999
2287
3929
3999
2841
3999
3999
3753
3253
3999
3999
3999
3999
3087
1031
1691
1617
1035
3999
1073
3999
3999
2503
3761
3999
2119
3137
3999
3769
3999
3999
3999
1959
3999
3999
3999
3999
3999
3999
3999
3999
1249
3999
3999
3999
1895
2495
2989
3999
2061
3549
2959
3999
3999
1745
963
2965
3569
2359
2335
2977
1523
1567
1897
1965
3999
3695
1087
3605
3999
1963
2623
973
1473
285
727
2845
1461
1751
595
653
927
1645
2753
2089
313
2087
661
791
1305
1387
455
877
1163
1407
189
615
2049
3999
389
669
655
699
1057
891
579
439
721
623
1361
1905
439
2081
3999
1179
1189
643
677
709
2111
3737
423
621
3951
549
953
441
411
2593
1273
119
987
749
787
559
1421
2493
3375
1027
841
747
719
803
797
1101
499
1467
119
1769
3389
2393
1133
707
739
609
1083
945
965
3999
1713
1495
1715
1
1111
513
607
2209
1113
929
77
1173
1171
1723
779
591
977
1037
917
1285
1595
1991
543
1139
1973
2953
1047
1275
1259
3537
1171
1139
3477
3133
1763
679
2739
1343
1053
2077
3597
1493
883
1749
995
1611
1555
1755
3999
553
1685
743
1371
2131
1837
1773
525
561
1833
647
725
2547
2281
1423
1003
447
1363
807
2409
1211
3943
1789
1095
1441
3227
2197
1923
2245
775
1021
3471
1031
1145
1979
497
693
2667
805
1095
1295
383
1277
2303
837
3999
1859
2163
1949
1175
2427
2897
623
3999
1315
1015
447
1821
723
1779
3395
1357
3469
629
