1
86
8
1932
1
2754
174
332
1774
1
86
2746
38
516
292
1
524
2370
630
18
340
598
2574
68
26
68
304
196
140
1
2746
196
72
596
88
1
406
234
220
930
392
112
206
104
1
460
1
572
1816
4000
228
152
2892
1
564
212
410
82
4000
316
1
74
166
1
400
396
1
1
2464
218
470
1
104
1
786
4000
40
572
320
180
164
56
1526
394
316
468
1
192
732
1
1526
500
678
696
974
1
1
66
174
978
144
1118
1
964
2464
4000
3510
716
834
108
366
232
420
210
92
662
608
68
36
1
504
148
10
54
1376
100
16
390
382
856
96
480
1
124
1184
60
548
142
98
1
1046
1
118
98
1768
816
156
132
160
4000
1
252
184
2276
2080
1490
1550
522
402
2760
1024
808
570
198
938
138
420
278
148
280
38
42
340
1
26
126
180
128
4000
982
206
222
1
934
956
124
350
200
4000
100
626
1
158
186
1
56
386
264
116
1100
786
1306
108
1
1688
250
3016
92
498
164
2302
206
1
848
200
1002
236
1
2298
1
1
574
282
1
632
1118
544
2974
1
156
3516
3078
1
254
344
2098
1
518
486
490
2068
1084
1
686
1
52
1
1
1132
1944
516
4000
654
146
190
158
1
172
366
376
446
582
1
136
4000
32
1380
648
1
1
1
1394
776
1396
1
106
1
124
1
1508
1
502
852
514
104
2920
202
488
316
972
634
938
918
720
492
4000
114
4000
668
228
194
108
538
242
142
1714
1
1
1
1158
56
2016
210
518
152
336
1
866
352
636
2512
558
306
1372
122
1552
1
628
748
296
1
472
86
330
786
886
1662
76
172
1
106
642
300
436
1306
114
2558
332
1032
264
1
598
452
330
760
754
312
1
1
208
80
488
68
710
1386
1752
4000
370
666
214
840
1
54
524
1
50
412
610
58
436
232
2846
1252
4000
216
152
688
1
1
180
256
148
614
306
2430
72
246
286
246
1
48
942
186
910
136
1612
3018
134
1
198
1
138
786
1286
476
132
620
776
100
94
462
446
268
466
1
1874
1
744
1278
1
518
834
690
3474
120
1476
1114
3064
260
138
186
1
1
624
1
698
832
1
1
238
1326
130
90
102
1
248
1
48
228
106
86
340
130
2180
164
352
530
62
1
784
190
3326
1
184
338
1
112
70
174
1184
386
728
106
426
96
82
1
1
8
28
282
766
718
168
162
304
4000
20
116
170
2416
806
362
4000
4000
182
480
3826
112
1574
1530
90
406
596
250
190
222
872
1778
448
812
396
3468
1924
730
1182
1196
344
482
106
296
2076
392
1
126
306
780
1024
4000
34
130
418
1
1342
356
254
4000
1
470
1968
184
78
2564
678
1370
1956
338
2306
4000
2250
160
478
1
4000
1986
1746
998
380
456
486
1548
534
226
1
254
568
130
160
302
860
900
390
490
1178
3254
212
538
262
404
666
2526
378
92
226
512
898
154
574
148
1104
944
220
280
44
180
182
270
168
3256
590
266
752
4000
1
462
386
1
134
550
3662
1064
750
556
386
282
1
3082
470
4000
188
1
114
578
160
2256
1
1
1
350
690
712
1236
1890
302
108
1014
1
520
194
1622
294
330
636
266
372
150
924
184
2856
650
124
160
296
344
4000
4000
244
426
3396
912
508
1
1
892
698
374
178
830
2136
280
316
612
920
1370
216
12
260
386
1
1
114
280
62
1
1206
698
288
440
478
3280
1
4000
1
4000
112
1
528
4000
2116
276
196
2026
1
4000
1678
4000
1524
1040
204
1416
3336
1476
2934
408
1356
266
1
1
1
4000
1
666
356
586
266
132
548
2158
1
1170
4000
2488
106
228
362
580
2690
1
1208
1
4000
350
1
242
468
1520
4000
1416
4000
1700
3402
1
2210
4000
1
1096
380
1
268
58
528
1
1742
4000
1676
588
1016
66
4000
2414
2750
1
1198
298
1
734
376
1
986
456
4000
1
2054
1
2250
1
612
222
1580
1904
52
804
952
1
120
338
24
682
272
1
1
18
222
150
874
290
140
1
226
814
2752
1
572
924
460
270
118
138
1
140
384
1
44
1
1
1
124
1
1
4000
938
1
1328
312
512
236
1
582
90
1
1
586
1
1924
380
1
1
1
394
10
4000
366
104
110
242
1
1
1
1
636
160
1
92
54
1
936
518
32
312
1
784
624
3242
1
232
1736
362
50
1
774
1
412
60
92
208
1
1200
60
1
700
310
1378
262
204
1938
220
546
66
90
596
14
1
54
2892
126
1
4000
100
142
230
308
958
1976
1514
1890
544
2964
1
224
1342
4000
84
164
1
1
70
506
1
1508
524
88
110
84
90
432
506
118
128
2404
684
402
1
226
934
582
4000
56
200
842
1
446
3512
70
226
216
162
754
234
144
130
1508
1828
4000
1
1
528
444
218
1
2600
184
1
1
130
172
198
614
156
1
180
180
842
624
288
724
314
2852
270
1
1
