3701
1951
3851
4001
1301
2201
4001
2251
401
2301
3601
4001
1251
3851
1
2401
3501
4001
1551
4001
1151
4001
2001
1
3351
1351
3251
4001
3851
1651
2801
2851
1
1
1851
751
4001
3151
1
3601
551
1251
4001
1101
2601
4001
2301
1801
3901
1451
301
651
951
951
1851
651
951
1001
4001
4001
3451
4001
4001
2401
4001
2201
4001
1
801
4001
2751
3501
2601
4001
4001
2701
4001
1
4001
1101
2001
2751
1801
851
4001
2301
1
3301
3501
651
4001
4001
1
1701
1501
551
4001
4001
251
1801
1
1
1
1
1
1
1
1
1
1
1
1
1
1
1
1
1
1
1
1
1
1
1
1
1
1
1
1
1
1
1
1
1
1
1
1
1
1
1
1
1
1
1
1
1
1
1
1
1
1
1
1
1
1
1
1
1
1
1
1
1
1
1
1
1
1
1
1
1
1
1
1
1
1
1
1
1
1
1
1
1
1
1
1
1
1
1
1
1
1
1
1
1
1
1
1
1
1
1
1
1
301
1
1
1
1
1
1301
1
1
1
1351
1151
1
1
501
1
4001
1
751
1
951
1
1
1101
1
701
2401
1
1
1
1
651
451
751
1
1
1
1
1
1
1
1
101
1
1
1
251
1
1
1
151
1
1
1
51
1
2001
1
751
1
1
1
901
401
4001
1
251
1
1
1
1
1
1
1
2551
1
751
1
2751
1
4001
1
2001
1
1
1
1
1
1
1
1
1
1101
1
2201
1
1
2751
1851
3101
2001
1
1801
4001
1
1
1501
1301
1
4001
4001
51
1501
2401
1
1
1
1
1101
1651
4001
4001
3751
4001
1
651
1
4001
2751
4001
1
2751
1
4001
1
1851
1
1
4001
1
4001
1
4001
1351
4001
1
1
3701
2051
4001
4001
4001
451
1451
4001
2751
4001
1
4001
4001
1
3801
3251
101
1
1
3801
1
301
1
4001
2151
4001
1
1
4001
1201
1
2051
4001
2851
1
1151
1
851
1
4001
1
1
2051
1351
1
1
2101
4001
1
4001
2801
1
1
1
1
1
1
1
1
1
1
1
1
1
1
1
1
1
1
1
1
1
1
1
1
1
1
1
1
1
1
1
1
1
1
1
1
1
1
1
1
1
1
1
1
1
1
1
1
751
1
1
1
1
1
1
1
1
1
1
1
1
1
1
1
1
1
1
1
1
1
1
1
1
1
1
1
1
1
1
1
1
1
1
1
1
1
1
1
1
1
1
1
1
1
1
1
1
1
1
1
1
701
1
1
1
1
1
1
551
1
1
1
1
1
1
1
1
1
1
1
1
1
1
1
1
1
1
1
1
1
1
1
1
1
1
1
1
1
1
751
1
1
1
1
1
1
1
1
1
1
1
1
1
1
1
1
1
1
1
1
1
1
1
1
1
1
1
1
1
1
1
1
1
1
1
901
2401
1
1
1
1
1
1
1
1
1
1
1
1
1
1
1
1
1
1
1
851
1
1
1
1
1
451
1
1
1
1
1
3451
1
1701
1
401
1
601
4001
1
1
551
1
1
1
1501
1
3401
1
1
1
801
1
1
1
1401
1
1
2001
1001
1
1201
4001
1
1
1201
1
4001
1401
1
2051
451
1
351
501
701
1
1
1
3751
4001
1
1
301
1
401
1
1
251
1251
951
851
1001
801
1651
1
1
1
1
751
1
1
1
1
1
1
1
1
1
1501
1
4001
1
3201
1
1
1
1
1501
4001
1001
201
551
551
4001
1
4001
4001
1851
2051
1401
4001
4001
1101
4001
1
1
1
4001
4001
4001
4001
2801
1551
2051
4001
1
1
651
801
1
2351
1601
751
4001
4001
4001
4001
4001
1501
4001
151
1101
4001
4001
2701
1401
701
1
1
4001
1901
4001
4001
2801
2301
4001
551
1301
4001
701
1651
1551
4001
1
4001
4001
4001
4001
4001
4001
4001
3101
201
4001
4001
4001
2051
2451
1801
1651
1
1951
4001
2701
1551
1
1
2951
2801
2951
951
1
1051
351
1701
1
4001
2151
1
4001
2351
1351
1551
1
1
1
1
1901
301
1
1
1
1
1
2751
1
1
1301
1
1
801
1
1
1
251
1
1
1
2651
4001
1
1
1
1
1
2201
1
1
1
1
1
1
1
951
901
1
451
1
1
1
1
4001
1
1
4001
1
1
1
1
1
1
1
1
1
1
1
1
2501
1601
1
1
1
1
1
1
51
1
1
1
1
4001
1701
1
1
1
1
1
1
1
4001
1
1
2001
1
1
1
1
1
1
1
1
1
1
551
1
1
1
901
451
1
1751
1
1
1
4001
1701
1
1
1
4001
1
1
2251
1551
1
1
1
1
1
2501
4001
2101
1
1151
1
1
1651
1
4001
1
1
1
1
1101
1
1
1
1
2151
1
1
1
1
1
1
1
1
1
2201
1
4001
1501
501
201
2551
3401
2351
1501
1
1
4001
1
1
4001
1
1
3151
1
151
951
1
1
2551
1
4001
2001
2351
1
1
3301
1
1
4001
1
1
1
1
1
1251
1001
951
4001
1
