3255
4003
3652
4002
1304
805
3702
3204
4
1355
3452
4003
756
2601
1
3853
1755
4005
652
4004
2703
4004
1156
1
2303
854
3503
4002
4003
1903
1255
2553
1
1
2654
753
4001
1203
1
1605
1602
2
4004
1105
3251
1504
5
2155
4002
3704
3002
702
805
455
705
1754
752
2802
2505
4004
4005
3904
2554
2351
4005
2253
4003
1
701
4004
2201
2502
1752
4003
3454
2305
4002
1
4002
1355
2154
954
1354
551
4001
1554
1
3254
3751
2
2853
4001
1
1804
2754
954
4001
2804
2
1253
1
1
1
1
1
1
1
1
1
1
1
1
1
1
1
1
1
1
1
1
1
1
1
1
1
1
1
1
1
1
1
1
1
1
1
1
1
1
1
1
1
1
1
1
1
1
1
1
1
1
1
1
1
1
1
1
1
1
1
1
1
1
1
1
1
1
1
1
1
1
1
1
1
1
1
1
1
1
1
1
1
1
1
1
1
1
1
1
1
1
1
1
1
1
1
1
1
1
1
1
1
2
1
1
1
1
1
2105
1
1
1
3
2
1
1
2
1
2
1
851
1
2
1
1
1902
1
603
402
1
1
1
1
2
2
2
1
1
1
1
1
1
1
1
151
1
1
1
351
1
1
1
2
1
1
1
101
1
2403
1
901
1
1
1
2
2
3755
1
2
1
1
1
1
1
1
1
1455
1
2
1
2
1
1602
1
1103
1
1
1
1
1
1
1
1
1
3
1
2
1
1
2
453
3
2353
1
1551
4003
1
1
2
3
1
4005
4003
2
3
3
1
1
1
1
154
5
4
4001
4002
3854
1
3
1
4001
1854
2952
1
655
1
3
1
3
1
1
2405
1
4004
1
2903
1651
4003
1
1
2
2751
4
4004
2405
2
3
4005
2603
3005
1
1455
2704
1
4001
1704
3
1
1
1752
1
2
1
2352
3
2202
1
1
4004
1251
1
602
3
3651
1
3
1
1953
1
2905
1
1
5
3
1
1
1902
4002
1
2003
2501
1
1
1
1
1
1
1
1
1
1
1
1
1
1
1
1
1
1
1
1
1
1
1
1
1
1
1
1
1
1
1
1
1
1
1
1
1
1
1
1
1
1
1
1
1
1
1
1
2
1
1
1
1
1
1
1
1
1
1
1
1
1
1
1
1
1
1
1
1
1
1
1
1
1
1
1
1
1
1
1
1
1
1
1
1
1
1
1
1
1
1
1
1
1
1
1
1
1
1
1
1
2
1
1
1
1
1
1
3
1
1
1
1
1
1
1
1
1
1
1
1
1
1
1
1
1
1
1
1
1
1
1
1
1
1
1
1
1
1
901
1
1
1
1
1
1
1
1
1
1
1
1
1
1
1
1
1
1
1
1
1
1
1
1
1
1
1
1
1
1
1
1
1
1
1
2
2054
1
1
1
1
1
1
1
1
1
1
1
1
1
1
1
1
1
1
1
2
1
1
1
1
1
2
1
1
1
1
1
4006
1
3
1
2
1
2
4005
1
1
2
1
1
1
951
1
1603
1
1
1
2
1
1
1
2
1
1
2
2
1
1051
3903
1
1
2
1
3
2
1
4
2
1
2
3
2
1
1
1
904
2855
1
1
2
1
2
1
1
2
2
2
1001
2
2
1152
1
1
1
1
2
1
1
1
1
1
1
1
1
1
3
1
1804
1
4
1
1
1
1
2
4006
2
2
3
2
4001
1
4004
4001
1805
1551
2201
4002
4003
2
4001
1
1
1
4003
4002
4002
3805
1203
3
1601
4003
1
1
1151
2
1
904
1951
453
4005
4003
4002
2851
4002
1705
4002
152
4
4002
4005
1854
1503
255
1
1
4003
3
3205
4003
1804
4005
4001
1552
5
4005
2602
956
3
4004
1
4006
4004
2555
4002
4004
4005
4005
1252
2
3405
4001
4001
2055
3
3
4004
1
2354
4002
2253
1801
1
1
4001
4001
3302
2154
1
3103
2
953
1
4002
2301
1
4004
3352
1701
1401
1
1
1
1
2
2
1
1
1
1
1
906
1
1
2
1
1
1001
1
1
1
2
1
1
1
2
4003
1
1
1
1
1
2
1
1
1
1
1
1
1
2
2
1
2
1
1
1
1
1006
1
1
3003
1
1
1
1
1
1
1
1
1
1
1
1
2
2
1
1
1
1
1
1
2
1
1
1
1
3053
3
1
1
1
1
1
1
1
4004
1
1
1402
1
1
1
1
1
1
1
1
1
1
251
1
1
1
2
2
1
2
1
1
1
1005
3
1
1
1
3602
1
1
1305
3
1
1
1
1
1
1605
4002
3
1
5
1
1
2
1
4003
1
1
1
1
1001
1
1
1
1
2503
1
1
1
1
1
1
1
1
1
2
1
5
4
2
2
3104
1353
2703
2
1
1
2551
1
1
2806
1
1
4002
1
2
352
1
1
1455
1
1404
2652
1205
1
1
1554
1
1
4003
1
1
1
1
1
2
3
3
905
1
