4000
3350
4000
4000
4000
4000
3150
4000
1700
3150
4000
4000
2300
3800
2250
4000
3200
4000
2950
4000
3100
4000
3350
2900
3900
3600
4000
4000
4000
3250
3650
4000
2300
2800
4000
2200
4000
4000
2250
3400
2500
2550
4000
2900
3100
4000
3300
3500
4000
2850
2450
2450
2350
2150
4000
4000
1950
3150
4000
4000
4000
4000
4000
3100
4000
2850
4000
2150
2400
4000
4000
3550
3050
4000
4000
2750
4000
2200
4000
2700
3650
4000
3000
1900
4000
3800
2600
4000
4000
1900
3600
4000
1850
4000
2800
2150
4000
2800
1700
2150
1200
1800
1450
1550
1700
1550
1400
1500
1500
1150
1250
1150
1400
650
1150
1050
1700
1350
1450
1350
1450
1050
1250
1300
1450
1450
1400
1200
1550
1450
1850
1400
1300
1200
1200
1450
1250
1250
1250
1250
1150
1450
1350
1250
1300
1200
1300
1750
950
1200
1200
1350
950
1300
1200
1100
950
1350
1350
1600
1050
1100
1250
1450
1450
1550
950
1400
1350
1300
1300
1050
1350
1450
950
1400
1150
1250
1400
1300
1050
1350
1350
1250
1150
1400
1550
1350
1350
1250
1050
1100
1050
1400
1200
1400
1200
1250
1100
1050
2300
2250
1850
1950
2050
1600
2650
3500
1950
2250
2150
2600
2550
3000
1700
2700
1800
4000
1400
2700
2300
2500
2150
1950
3550
2050
3150
4000
2400
2250
3550
1350
2350
2400
3100
2200
2250
2850
2200
1650
1900
1950
2550
2000
2900
1850
1550
2550
1400
1400
1550
2050
2150
1800
1900
1900
1350
3750
2500
2850
2050
2700
2250
2650
3050
4000
1600
2650
1950
2150
2250
1800
1500
1950
1600
4000
1850
2100
2550
4000
1800
4000
3300
4000
2100
1850
1400
2300
2850
2150
2900
1650
1450
3100
2550
3550
1350
2550
4000
3500
3150
4000
2100
4000
4000
3300
1850
2900
3700
1950
4000
4000
2900
3850
4000
1900
3400
2900
2450
3550
3250
4000
4000
4000
4000
4000
4000
2350
4000
4000
4000
3150
4000
4000
4000
2800
3700
2200
2100
4000
2300
4000
3150
4000
4000
4000
1600
2350
4000
3650
4000
4000
4000
2900
3250
4000
3250
4000
2000
4000
4000
2150
4000
4000
3750
1800
2900
4000
2800
2350
2350
4000
4000
4000
3450
2300
4000
2450
2400
4000
4000
4000
2800
4000
1900
4000
2500
4000
2500
2750
3850
4000
1350
2250
4000
4000
3350
4000
4000
3100
1850
1750
1900
1500
2250
1450
1600
1200
1450
1800
1700
1850
1850
2300
1900
1600
1800
1500
1200
2650
1350
1800
2250
1800
1500
2000
1250
1850
1700
2650
1300
1500
2000
1600
1500
1000
1700
1750
1600
1700
700
1200
1800
1800
1700
1600
1750
3100
1500
1800
1900
2800
1850
2100
1800
1550
1750
2500
1750
2100
1500
2300
1400
1650
1100
2450
1400
1850
1400
1700
1350
1750
1250
1400
1600
1700
2650
1300
1500
1450
1700
1600
1350
1500
1250
1950
1900
1400
1500
1500
1800
1900
2400
1700
2050
1150
2050
2250
2300
1700
2300
1650
1700
1750
1700
2100
1450
2450
2200
1200
2100
1850
1900
1650
2950
1900
1450
1700
1950
1800
1900
2350
1850
2050
2050
1650
2300
2050
1700
1400
2250
2350
2500
1550
1650
1350
2000
1500
2500
2150
2050
1550
1900
1100
1500
1700
1450
1800
2100
2000
1950
2250
2500
1700
2800
3100
1450
2750
1300
1350
1750
1400
1900
1700
2400
1600
1750
1600
1750
1800
2200
2100
1700
1300
2200
4000
1600
2100
2150
1850
2600
1800
3350
2100
1900
2100
1800
2300
1500
1300
1550
1450
2600
1550
3150
2950
2100
1850
1400
2200
1500
2450
1900
2400
1450
2300
1850
4000
1700
3600
1700
2450
2000
2350
4000
2550
1500
1900
2250
1450
1500
1950
2000
2750
1700
1700
1800
2150
1800
1800
1550
3400
1550
2650
3350
2800
1950
2900
4000
1550
1850
3200
2150
4000
2650
1600
4000
1700
1400
3300
2650
2850
1550
2350
1950
3700
4000
2100
1550
1900
2550
1750
2500
1450
2350
3000
2150
2950
2250
2500
2900
2300
1900
2450
1550
1950
1700
2050
1800
1900
1700
2450
1600
2300
3050
4000
2150
3900
1650
3800
2400
2500
2450
2000
2800
4000
2250
1800
3050
2100
4000
1950
4000
4000
4000
4000
3000
4000
4000
2600
4000
3950
1500
3100
4000
4000
4000
4000
4000
4000
4000
4000
2300
4000
4000
4000
1850
4000
4000
4000
4000
4000
4000
4000
4000
4000
4000
4000
4000
4000
4000
4000
3700
3150
3250
4000
4000
4000
4000
4000
4000
4000
4000
2750
4000
4000
4000
4000
4000
4000
3900
4000
4000
4000
4000
4000
4000
4000
4000
2850
4000
4000
4000
3900
3450
3350
4000
2500
4000
4000
4000
4000
3150
2050
4000
4000
4000
4000
2900
4000
3100
4000
4000
4000
4000
3000
4000
4000
4000
4000
2100
2000
1100
2400
4000
3000
3800
1750
1800
2050
2100
4000
2550
1250
2650
2050
1600
2800
2600
1500
1900
2050
2800
950
1850
4000
4000
1300
1600
1800
1450
1950
2300
1600
1400
1950
1300
2150
3650
1650
2450
4000
2250
2100
2000
1450
1850
2500
4000
1300
1550
4000
1600
1750
1250
1350
2900
3050
750
1900
2100
1900
1500
2150
4000
3500
2100
1850
1950
1900
2000
2050
2350
1450
2400
600
2450
4000
3400
2200
1550
1800
2350
2150
2100
2200
4000
2900
4000
2950
50
2500
1400
1600
3650
2500
2850
500
2400
2050
3200
1500
2450
2200
3000
2250
3000
4000
3350
2600
2650
4000
4000
4000
2200
1950
4000
2550
3000
4000
4000
4000
2100
3950
3000
2250
4000
4000
4000
2000
3300
2900
3650
3300
3200
4000
2250
3850
2950
4000
4000
2450
4000
2050
1600
4000
1500
2200
2950
4000
2700
4000
1800
2550
2300
3200
1850
4000
4000
2750
2100
4000
4000
4000
3300
1700
2700
4000
2100
2400
4000
2000
2150
4000
2450
2050
2900
1200
3850
4000
2550
4000
4000
4000
4000
2300
4000
4000
2200
4000
3150
2700
1550
2150
1650
2900
4000
3200
4000
1700
