3.865223421296780870e+00
6.313984874318786744e+00
6.691809730525235977e+00
4.277840178899020573e-01
3.670784794553131114e+00
8.069267255592324162e+00
0.000000000000000000e+00
4.815989494593110543e+00
4.854536598164482797e+00
8.712953562228848980e+00
6.797389460834114772e+00
4.488514325205378519e+00
9.619195975707729218e+00
1.407547504912891823e+00
1.021409605194004655e+01
8.843322785895253446e+00
3.909075371071871530e+00
0.000000000000000000e+00
8.760349318874725455e+00
5.104924209431742632e+00
7.928628966691981361e+00
4.951167156713796480e+00
2.441474739382158088e+00
8.233387105775738846e+00
3.423883530994519031e+00
1.484123218151168766e+00
1.696061630730805181e+00
9.438997236059087470e+00
6.013705692959179672e+00
1.635560464746572462e+00
9.617689175225459408e+00
5.508303532369517086e+00
1.497028801893590666e+00
5.262682019682366708e+00
1.018084046708747437e+01
6.146721810618100967e+00
6.256066364949394831e+00
9.293253021246492551e+00
7.459980003820707140e+00
5.357823895617031873e+00
7.479649436530505291e+00
4.066173121890886755e+00
0.000000000000000000e+00
2.684411018633367174e+00
9.246076561932868643e+00
9.618782122759313324e+00
1.701694561999288924e+00
2.437938234411396010e+00
6.484086069588908430e+00
8.267362568168925563e+00
6.490648289212899158e+00
0.000000000000000000e+00
9.561182038074326428e+00
1.807937618041169925e+00
9.407310461326034101e+00
5.691473030679816247e+00
0.000000000000000000e+00
5.550884255073819773e+00
0.000000000000000000e+00
0.000000000000000000e+00
0.000000000000000000e+00
5.588509151010248033e+00
1.654122273508719987e+00
6.177709514298642013e+00
1.095490068981608722e+01
4.926615750647193259e+00
9.297282227904849705e+00
8.035430930109226821e+00
9.242395342940278979e+00
0.000000000000000000e+00
6.001114427147347996e+00
0.000000000000000000e+00
3.951307003471896451e+00
0.000000000000000000e+00
0.000000000000000000e+00
8.288955714009844655e+00
5.213033734995643265e+00
6.574147300417878093e+00
7.865606247267241002e+00
3.429716205876070845e+00
5.152237037585696733e+00
7.060110081963927087e+00
0.000000000000000000e+00
6.983922988434692058e+00
9.360034017634598413e+00
5.609051740967114341e+00
0.000000000000000000e+00
1.030960458894994680e+01
3.067193196310205039e-01
8.486149761184892171e+00
4.735297670693960903e+00
7.073318496967919700e+00
8.218306563616733840e+00
1.001139918568754972e+01
9.504028291255457006e+00
0.000000000000000000e+00
2.155549075564222594e+00
3.122128702657220867e+00
1.087588975892063559e+01
1.007495593273715428e+01
7.578860303027905587e+00
7.628695043667793385e+00
6.891906343408944480e+00
3.641736845159797564e-01
8.737851078047432551e+00
8.466980021597448669e+00
9.289575686615849648e+00
6.589615377212443725e+00
1.608475521874792369e+00
9.720046991862258068e+00
5.128916761876980424e+00
7.227599596780693858e-01
3.079687102848576608e+00
8.996392357006149254e+00
1.019520100118639938e+01
4.426694370617619612e+00
1.106905362793568548e+00
9.495472014010385209e+00
6.221445239275955608e+00
1.764688579160884618e-01
6.873010221219550075e+00
9.225146331349771245e+00
9.095366426802170778e+00
6.356654620950356716e+00
8.569675498956375037e+00
3.029695523248408406e+00
1.208318676846795947e+00
2.184024356293826408e+00
7.579912300625579746e+00
8.031519014790937661e+00
0.000000000000000000e+00
9.152377135154406318e+00
7.668953516212297927e+00
4.638468744725392945e+00
8.207696951441509015e+00
0.000000000000000000e+00
1.031745520500150626e+01
9.472312980424735684e+00
8.940423097027368371e+00
8.121236821542508366e+00
8.746581974961509687e+00
8.324059523264594418e+00
1.496591391551681749e+00
7.126421427762873684e+00
7.848345823646507569e+00
9.894674289369813636e+00
6.809461052322765440e+00
8.097350242507964424e+00
9.396657895075364308e+00
6.138753822446428643e+00
3.888495077814535072e+00
9.628554279358748857e+00
1.001746846191566398e+01
9.254127562829280507e+00
5.501038561184656395e+00
8.698329993926533277e+00
9.294404999362923192e+00
1.128674890909847051e+01
1.789890783738101954e+00
4.245971732489926431e+00
4.105408232301813953e+00
1.142374099714704716e-01
8.540147803511791480e+00
5.072514992777806597e+00
3.945365301489487386e-01
9.348626041240958529e+00
9.548843396857215282e+00
9.052986219480418484e+00
1.281127166053389743e+01
8.083746072005441263e+00
5.607703153570582799e+00
9.561214358649444023e+00
9.872977276231166499e+00
6.590868461672550360e+00
9.541504856542321278e+00
5.816783525353058870e+00
0.000000000000000000e+00
8.178962669425136056e+00
9.129995368940457823e+00
9.716957120142309279e+00
9.467763955455676950e+00
3.396503420469283441e+00
8.798423763840986567e+00
1.018358900618019192e+01
8.091278037794809919e+00
3.340873025321700052e+00
8.933589994441740956e+00
5.132115396908659477e+00
8.298362672339123947e+00
9.857670802687730216e+00
1.011530017558932038e+01
1.030908292829068706e+01
9.246724198811117290e+00
9.917759997188360543e+00
7.476915373162757561e+00
1.322299019655848618e+00
2.319086598798154597e+00
7.493479311254439779e+00
6.355163617087415950e+00
2.813568559694678228e+00
6.620078607685630168e+00
1.321348470305899303e+00
6.885215732281171341e+00
9.880840299752179590e+00
1.076299285410109619e+01
4.435804373883589058e+00
1.532763525386377612e+00
2.067675675219114773e+00
1.004386973727978249e+00
0.000000000000000000e+00
4.257795402482456915e+00
3.303489947913915703e+00
7.000502604992936639e+00
3.878831850625714672e+00
0.000000000000000000e+00
5.287913308884307995e+00
4.252734227874930717e+00
8.398103747848173484e+00
1.078465087449931481e+01
5.971772731473577345e+00
0.000000000000000000e+00
3.135230527328335182e+00
7.054852553306180774e+00
1.411621655343862081e+00
4.271285994224363947e+00
0.000000000000000000e+00
0.000000000000000000e+00
4.587784708327124483e-01
7.995429181772436555e-01
9.957354528055317289e+00
3.419761700786325687e+00
4.820548453000694344e+00
4.041296909818926864e+00
6.411036480964404483e+00
4.210140242373994646e+00
0.000000000000000000e+00
0.000000000000000000e+00
4.578669543819348320e+00
7.092288933047148802e+00
8.056343102762854258e+00
3.976863875935685133e+00
4.438465701006071740e+00
0.000000000000000000e+00
2.291689397741896173e-01
3.731715659176146893e+00
7.456576329930967972e+00
9.464911466321384026e+00
6.542159122172345853e+00
1.081327486564580553e+00
6.395783408201904940e+00
0.000000000000000000e+00
6.618246974952621819e+00
0.000000000000000000e+00
1.508498677511762587e+00
9.236740363061221037e-01
4.116055079537365380e+00
3.950605507828184315e+00
0.000000000000000000e+00
1.870935071477310085e+00
3.673709586305546893e+00
2.586010525154791573e+00
7.551003933285596936e+00
1.586929324188599111e+00
1.652249783343754164e+00
4.471264347790461002e+00
2.465542341808136584e+00
0.000000000000000000e+00
6.956773834751162511e+00
2.786016979488175949e+00
7.026750561856141886e+00
1.086882310059174372e+01
5.892324481257502633e-01
6.713233199391286377e-01
7.851999326892160624e+00
6.580809596249049598e+00
7.586580227224153816e+00
4.259594973607417678e+00
8.332811389767771360e+00
5.265074239882323148e+00
4.533081492954002201e+00
3.095981619496284143e+00
3.991448970644779326e+00
4.939467476594020745e+00
1.908865008135443020e-01
6.233934830981992192e+00
9.436374440481474224e-01
1.685715592144586772e+00
0.000000000000000000e+00
4.942192041673173719e+00
1.318420468243570731e+00
5.988226931009307918e+00
9.965372032798802238e+00
8.998383505090215451e+00
0.000000000000000000e+00
0.000000000000000000e+00
5.413235618962135121e+00
3.118876051668405758e+00
1.263017650540690928e+00
5.990230589561758912e+00
6.969871977268724983e+00
7.972595284737865384e+00
6.418232906463125609e+00
7.559564163340444232e+00
5.578072628981523451e+00
0.000000000000000000e+00
3.324097212994327588e+00
4.100708938193770692e+00
0.000000000000000000e+00
9.685447641432510579e+00
8.178762399095239388e+00
4.287964350162899230e+00
5.311563901642837315e+00
1.887865890547562708e+00
3.766990729286983086e-01
5.161642242888079268e-01
3.727711225156725039e+00
0.000000000000000000e+00
1.993662835449699022e+00
4.868365745651688670e+00
4.473403006717500574e+00
0.000000000000000000e+00
5.600352346379422031e+00
8.148547300182160669e-01
2.031470349077349802e+00
8.580210744053557548e+00
9.025255250123443318e+00
8.823849677558889937e+00
6.215735357472484068e+00
6.042579664355053559e+00
2.936034344735216628e-01
9.383626877210890171e+00
0.000000000000000000e+00
1.847252353491175780e+00
0.000000000000000000e+00
0.000000000000000000e+00
2.588518417449357401e+00
3.223907500072763277e+00
5.842149532829701286e-01
3.670021058812914738e+00
0.000000000000000000e+00
1.974082060574297248e+00
0.000000000000000000e+00
0.000000000000000000e+00
6.805119188944511954e+00
1.065322899815275282e+00
4.733986758359197466e+00
3.947186977486509374e+00
5.497472339866966706e+00
1.085353751939103084e+01
3.202562920852883854e-01
8.206725047903164594e+00
0.000000000000000000e+00
2.515586824632887630e+00
4.812203384942885798e+00
9.482005161072976307e+00
0.000000000000000000e+00
2.777066803656367711e+00
2.434147370506969388e+00
1.358476251251620193e+00
2.557517703641238871e-01
2.384827107771354537e+00
0.000000000000000000e+00
2.779357448386926333e+00
8.412482309140020931e+00
3.665502406397438406e-01
5.234291105777781006e+00
5.018504154307455778e+00
1.695236008362797087e+00
0.000000000000000000e+00
5.333433159515346134e+00
6.758865303566204297e+00
6.272089058689261698e+00
5.270352368489422679e-01
3.215032634259410660e+00
0.000000000000000000e+00
0.000000000000000000e+00
9.034189177919646596e+00
0.000000000000000000e+00
8.437787089339895630e+00
2.383859143986939877e+00
4.136420739756099252e+00
3.654203966126841507e+00
5.928095947183074088e+00
4.499385899153591772e+00
6.139117748468185809e+00
2.934464027730371516e+00
5.162251492568729283e+00
3.916156117352896260e+00
8.397847148115227256e+00
3.099302247690302270e+00
6.289866463108033656e+00
0.000000000000000000e+00
7.204258974626680079e+00
0.000000000000000000e+00
3.632860636472546201e+00
2.320808883624411401e+00
0.000000000000000000e+00
4.104917452566772873e+00
0.000000000000000000e+00
6.918948243733847647e+00
8.007679052183652502e+00
5.799144827609179487e+00
4.556083609873628149e+00
0.000000000000000000e+00
1.220428479068665695e+00
6.765489083780579449e+00
4.048995987957938247e+00
5.078849761411658115e+00
5.224124930154637525e+00
7.582667329677345691e+00
5.032854401556896562e-01
9.017228155093468089e+00
6.176472560009655055e+00
5.732131038040768622e+00
2.149117033664162513e+00
4.378178076896173998e+00
4.642774165219235805e+00
5.117640000443747894e+00
1.419472075302639524e+00
7.809417181988593804e-01
4.061908726967146777e+00
3.137329102773718681e+00
7.262515947807344219e+00
0.000000000000000000e+00
4.542212522112677675e+00
1.814691082035087222e+00
0.000000000000000000e+00
3.784574491762914938e+00
5.980899801516249781e+00
0.000000000000000000e+00
1.110542876692694314e+01
3.864245766090111944e-01
5.064764042124510368e+00
2.709367321281605623e+00
4.267174209061097123e+00
4.121268828917323823e+00
4.918809898294115079e+00
0.000000000000000000e+00
3.580568322308118390e+00
1.920377542119875658e+00
0.000000000000000000e+00
7.852891934222022030e+00
8.540355663504172412e+00
7.096836517225026952e+00
2.903550870371142345e+00
0.000000000000000000e+00
8.153198186651801294e+00
1.149358780589849749e-01
1.654150746774503133e-01
2.029105703514858750e+00
2.688493770457592191e+00
3.721398338846979570e+00
4.406333039792214912e+00
0.000000000000000000e+00
4.140373666289740129e+00
3.015020912342499582e+00
2.341317231367453733e+00
5.087357484551193743e+00
5.592378126915564351e+00
6.567436262766069177e+00
1.011473101543210573e+00
1.175982484807469364e+00
1.922629452321985566e+00
7.223549908491944116e+00
4.345911914511463081e+00
7.978929557651315285e+00
4.942539216824190618e+00
0.000000000000000000e+00
5.460626535202141696e+00
4.679308837180971459e+00
2.678937844766510201e-01
6.107002290964228308e+00
0.000000000000000000e+00
2.018063395647311520e+00
3.627224956634033104e-01
1.518708222313612577e+00
4.801165179720361387e+00
6.663481410789899861e+00
2.546227463755852849e+00
7.083870143090906790e-01
1.000767216331268639e-01
6.220446728508043144e+00
6.514864016636019883e+00
9.247311737952068622e-01
1.347217523132176575e+00
5.196963280347476122e+00
5.215459382885314632e-01
0.000000000000000000e+00
2.403145054127322044e+00
2.309450082398279314e+00
5.493453022028848665e+00
6.068776598430429381e+00
4.363558350936068031e+00
8.605365745789850251e+00
0.000000000000000000e+00
4.006377600299631858e+00
3.915549320630737906e+00
2.675673054752712332e+00
4.270866364092544387e+00
2.313311548465248002e+00
8.282421162041949003e+00
5.177476974979304813e+00
9.271851649840385790e+00
3.313712676944919444e+00
2.886190895737038797e+00
9.725485272215645960e-01
0.000000000000000000e+00
5.730721008093743407e+00
5.176656282723978819e+00
1.826644010362271420e+00
4.773150402209191512e+00
1.891436600184061012e+00
2.039372933531450993e+00
4.584315320709111852e+00
6.774981533185071569e+00
3.551410629511793093e-01
5.153848685261504414e+00
9.153300295095318617e+00
0.000000000000000000e+00
1.285261175391146260e+00
1.130299953100918131e+01
1.000207717105436878e+01
8.812437103414787032e+00
2.557149040815249741e+00
0.000000000000000000e+00
7.831310356363284653e-01
8.086414372633868197e+00
1.467442864584689310e-01
9.069466667416195449e+00
8.075007394529007954e+00
9.475166414853653407e+00
8.344783789579961919e+00
9.243139310487453741e+00
6.171442076873420390e+00
7.553104395133176219e+00
5.861102167874893354e+00
8.989562716928143349e-01
1.915996514945205176e+00
9.868932720175296325e+00
0.000000000000000000e+00
0.000000000000000000e+00
5.823058164613475363e+00
5.105329966321979107e+00
0.000000000000000000e+00
9.439353884933904260e-01
1.199575806557070301e+01
1.569331040999055737e-02
2.426656269059916493e+00
8.257541425836829596e-01
5.731583202837208013e+00
3.529718698128053500e+00
3.785148196542761578e+00
9.486759257738311746e+00
2.765542214610128724e+00
1.156816591564655550e-01
3.955036141660763338e+00
5.140532551239965109e+00
2.891000717310113988e+00
4.956912610608968706e+00
3.455126280968497277e+00
0.000000000000000000e+00
6.241823239598237372e+00
6.886941008588277846e+00
6.582651115774273975e+00
1.521939311042586951e+00
1.065593524181378093e+01
1.237826250295056951e+01
0.000000000000000000e+00
4.847339533111093779e+00
7.927546025327364632e+00
3.780023617381294443e+00
4.919902836207258545e+00
1.588171129651593461e+00
5.110772123274311518e+00
2.025061656289226075e+00
4.719757118666930928e+00
3.485701550388156544e+00
2.667843456825583548e+00
9.448182111671235006e+00
7.525121770029357116e+00
0.000000000000000000e+00
1.995312135277004018e+00
3.451194643031459952e-01
5.059321436920825477e+00
6.741667801720518050e+00
2.619829210213185711e+00
8.069448504633230712e+00
3.303021352088395979e+00
4.821259961163327112e+00
4.773193267836784770e+00
5.183024395968564235e+00
1.558053123997457767e+00
5.951606794743567797e+00
8.510680860629586952e-01
2.757270806515010442e+00
9.385723181807414051e+00
6.157762512601327565e+00
3.470606819554699740e+00
0.000000000000000000e+00
1.595355500870986987e+00
6.533059142600678548e+00
0.000000000000000000e+00
8.935892103937648656e+00
4.475872058793608943e+00
4.846189934095557206e-02
6.170444452972300375e+00
4.888397725578479402e+00
0.000000000000000000e+00
5.063938235974937641e+00
8.842592128144863395e+00
8.538497922305051446e+00
7.177280403215735127e+00
3.113727550489875817e+00
8.728401233144063909e+00
6.668497630043215274e+00
4.051890417089048846e+00
8.897011735414821487e+00
6.514302289551748615e+00
6.216029145639148545e+00
4.841979036352072718e+00
2.316828253111071767e+00
4.384661192170872468e+00
6.072489739494916883e+00
8.529800398248031712e+00
1.006934841821565030e+01
4.733895295986826568e+00
5.043627718758940226e+00
8.198926908096733968e+00
2.821270534464279223e+00
5.554249855021689442e+00
6.249064473638178185e+00
6.746170497287290679e+00
5.647230126817826878e+00
1.362578836952571315e+00
2.301833642399086610e+00
8.577878973774787141e+00
2.523390374548449167e+00
7.522197768929254735e+00
8.357631667296352873e+00
0.000000000000000000e+00
1.258629816714262883e+00
9.693184878451397424e+00
9.433194256837921898e+00
2.248714554770830709e+00
1.407264176369624975e+00
2.022168111118983092e+00
7.085610409719346414e+00
1.596254028312895423e+00
8.519209024553852316e+00
8.765658359144744338e+00
8.353690137642436397e+00
1.007198705462389654e+01
7.693585375061969600e+00
3.888396728323745499e+00
9.311737048633492719e+00
3.639929280703688708e+00
9.340150913884611938e+00
3.400421692405978025e+00
9.975491580903288025e+00
5.250995177130905134e+00
3.877327787842468787e+00
8.339277223623531299e+00
6.927685732450094669e+00
9.371793831576313849e+00
8.321936620713257682e+00
8.276025754673289825e+00
2.210582292310554919e+00
6.000200300572425149e+00
8.828083076992237821e+00
1.105815123802565836e+01
3.549970360198581698e+00
7.279781414021273989e+00
7.521220150198288934e+00
0.000000000000000000e+00
7.767068839375023792e+00
7.464790338942367320e+00
0.000000000000000000e+00
7.988041454103133709e+00
7.891983496451499214e+00
8.587484409468439495e+00
1.190772629187011322e+00
0.000000000000000000e+00
3.101670040630136960e+00
4.572872135253033932e+00
0.000000000000000000e+00
8.228959118692824148e+00
3.320180619931105692e+00
9.979222312042301368e+00
9.417242082779733181e+00
8.757142085609917359e+00
8.015805208892995637e+00
7.323256917308979652e+00
3.830900706804249545e+00
5.886923319930341236e+00
5.116020175980692031e+00
5.402223687388546303e+00
1.340371693097532679e+00
3.405108482396737912e+00
7.663422657349709510e+00
9.375524610259381220e+00
4.506558368868063269e+00
9.457033092526009099e+00
5.625243171559720423e+00
7.881302368231926536e+00
0.000000000000000000e+00
1.467344339176314794e+00
1.444530481569945124e+00
5.883947362536290804e+00
2.186405674540035093e+00
8.072381911722592562e+00
5.966994344878990830e+00
8.631149373368080191e+00
8.425861418208929976e+00
6.940088114793641072e-02
4.844160032225367729e+00
9.766699842708993273e+00
6.684157419112592535e+00
6.643299801579374275e-01
7.993216996059382851e+00
6.202729590156499384e+00
8.837120979370990170e+00
5.063407983510023413e+00
7.502752804678149978e+00
6.501347570132852915e+00
9.401810613891601776e+00
9.704184535679788226e+00
7.861905563043373846e+00
9.849914519359998621e+00
7.988805742330296056e+00
7.884583638455505472e+00
8.657104489193875096e+00
8.179544321154930131e+00
7.561205752676108283e+00
7.688066477904097695e+00
1.015871806597678706e+01
4.570965820503129606e+00
8.547267982536556730e+00
6.673106663120051962e+00
3.199161516228837598e+00
7.079249926997512432e+00
8.918311125090825797e+00
1.483862537169419182e-01
4.244154011870290510e+00
9.381215164000982654e+00
0.000000000000000000e+00
6.706773694189680057e+00
1.039940074185547481e+01
8.424867628633506911e+00
9.193583544152405196e+00
4.508005131652924824e+00
0.000000000000000000e+00
6.630082124805110944e+00
8.204432504703721207e+00
4.016827600711992297e+00
8.265389388660381087e+00
5.474140121475486787e+00
9.070693978661127588e+00
7.731306091757618404e+00
9.548096714767499549e+00
7.885202009211306873e+00
8.680067984512925605e+00
9.064130876612185972e+00
7.917716937350967044e+00
2.345055626416063355e+00
9.893775075487543091e+00
2.260068165093651160e+00
9.870438693352587833e+00
8.414854924817408488e+00
7.146533501100676311e+00
1.076999288809802380e+01
8.091737667790775745e+00
3.502139528170167271e+00
2.422472542994771327e+00
9.490016973070327211e+00
7.930073682016353764e+00
8.238643650632758053e+00
1.021213441078483797e+01
9.359240582162479782e+00
4.274027346373857839e+00
8.510472258657372890e+00
9.404412249730324191e+00
6.358910603009530149e+00
9.438370723464288403e+00
1.232362850901789653e+00
7.104392731877919864e-01
1.030670924502417307e+01
5.662621018494419012e+00
6.409660856379749028e+00
5.405321037132599038e+00
8.727913866624705364e+00
7.340811827278829860e+00
7.568724684265508706e+00
3.671012011795936392e+00
7.527108238346123414e+00
9.404670622916725620e+00
6.093694222457458842e+00
8.087588350066724274e+00
0.000000000000000000e+00
9.233600619505045515e+00
7.725238315548662804e+00
5.528593053033254989e+00
6.153880129574057278e+00
4.185928375865687556e+00
1.059109497130205746e+01
8.709289566181256603e+00
4.663929965539920452e+00
8.171438286586406363e+00
6.461368957361860232e+00
8.066144942951826380e+00
8.913118333619239664e+00
0.000000000000000000e+00
9.423528678613360299e+00
8.948698891551094547e+00
1.562241074042959088e+00
0.000000000000000000e+00
9.605005210979005170e+00
7.037351618680149024e+00
9.694440799928868202e+00
5.857221673651915594e+00
2.841582765928913901e+00
1.081426046711071365e+01
9.227943518045508497e+00
9.392718371095007512e+00
0.000000000000000000e+00
8.569502852709725005e+00
3.262930460149287892e+00
9.706999739558245466e+00
8.361280496108287608e+00
8.638196214761533209e-01
1.706585614694969610e+00
8.264056226412920481e+00
5.134314572615027217e+00
6.323503036022512624e+00
2.724008082605400727e+00
3.603217129507088057e+00
5.888148331539666103e+00
9.353554749633412158e+00
7.720275928790731879e-02
3.878473270574294141e+00
6.344627896949142531e+00
5.830836341839293446e+00
2.942276068104542563e+00
2.191443330429773129e-01
1.652049968316936290e+00
6.743685713714994812e+00
5.456124271828666217e+00
1.083051016626545504e+01
9.635753603211513862e+00
4.684416746978341983e+00
8.959226567193622870e+00
9.911049828738386580e+00
7.865835648452076612e+00
0.000000000000000000e+00
9.748322518597502651e+00
6.821173676039040679e+00
5.324945464546720686e+00
8.505811688778740276e+00
2.974323808308501516e+00
7.689882285839339637e+00
1.486860261841620900e+00
9.213045101077694810e+00
9.460463576335895297e+00
3.480623702956342047e+00
8.961313248135075682e+00
7.848341437144667587e+00
9.541324516074043416e+00
5.441622748449898239e+00
7.564229855049543261e+00
6.309288081529578207e+00
5.310662704281856605e+00
4.551722508802748202e+00
5.400895975646530900e+00
4.550855116304599157e+00
5.811699859679460012e+00
5.258696583904982624e+00
4.133009000841050273e+00
7.369133004104613249e+00
5.147177781705915223e+00
7.389983228013992544e+00
1.014914997944581465e+01
8.581536271078721967e+00
5.134177240237836060e+00
5.535697494519661532e+00
2.492342944150246264e+00
5.750761035881860828e+00
8.553378075490169152e+00
1.082533963102473074e+00
3.486640570712068232e+00
8.580256476723894465e+00
9.857349435250558400e+00
6.501614117094460354e+00
9.108132427470568615e+00
6.496528164622137780e+00
9.435689867243549855e+00
1.007740310860509325e+01
3.432564274164346063e+00
3.855147883027856714e+00
8.001263722664797129e+00
4.153378492017611556e+00
1.169443322756859338e+01
3.071112221012496590e+00
3.038005330367385959e+00
9.433088406891291910e+00
5.894227988402970020e+00
0.000000000000000000e+00
8.162454572739216374e+00
8.351750402490518255e+00
8.886780750471761081e+00
8.856430053639922306e+00
7.115148604639384367e+00
8.775861742881449601e+00
6.109029697887298660e+00
6.690026262198947471e+00
5.697396344161306025e+00
7.145938989992695056e+00
0.000000000000000000e+00
5.281468484479294290e+00
4.800697350112870687e+00
4.551923765515234699e+00
2.490639651916507269e+00
8.993926085261598757e+00
8.264337485101314940e+00
6.232921065504611668e+00
8.225163445602008849e+00
9.167095229621796904e+00
2.773882471007261596e+00
9.446369193925477248e+00
1.048974509380804854e+01
5.021210177881190617e+00
1.335039667276877395e+00
5.568007904047197698e+00
6.603802773432575712e+00
9.328982292567006951e+00
6.750802999221067857e+00
8.300594323371788263e+00
5.448601276640259172e+00
7.188217166612679065e+00
7.858810891194527137e+00
8.196986185478179365e+00
7.062926256712509954e+00
1.885785651583755440e+00
7.147329349424585310e+00
8.548399833733519415e+00
7.073608908131912898e+00
8.813260992436061869e+00
8.271448035189994386e+00
5.647136176462689505e+00
7.552679908577656143e+00
1.174203779400430214e+01
7.880504553907941023e+00
9.513356264477748070e+00
9.170235696959805338e+00
0.000000000000000000e+00
6.129020706678393715e+00
8.544096952210402662e+00
6.005274832738975554e+00
7.700184910379179293e+00
7.052147370640297730e+00
2.581933457638402540e+00
2.317103370536516049e+00
9.012339521191593761e+00
1.014716707510124660e+00
7.835712162408998704e-01
9.287367490034248441e-01
2.837322007322500284e+00
9.673707016787700397e+00
8.623771597808657319e+00
9.396980363586658669e+00
8.767960614478324644e+00
4.132096190051396611e+00
1.086010362742987567e+01
5.240221591284935698e+00
9.500359516950084071e+00
1.003394306852520401e+01
1.452677715664749236e+00
7.190652885421880747e+00
8.911921516012046851e+00
3.816241686143833078e+00
1.616450760103435913e+00
8.217050534914044135e+00
3.926127912311063284e+00
8.418090377481454167e-01
1.062999154930672319e+01
1.024957078853551984e+01
7.868910352601805158e+00
7.512833089916411744e+00
9.197985696915278453e+00
4.751861588619576082e+00
9.413334801756386483e+00
9.381485999025040101e+00
6.871793690781007768e+00
7.984978780174291302e+00
4.187265460287798113e+00
8.467440658624067140e+00
9.080690327497181968e+00
6.411003076201547302e+00
6.216806406403324381e+00
1.106840682051529745e+00
8.896864804394441606e+00
0.000000000000000000e+00
