5.759670236880668703e+00
6.517352638628779005e+00
4.339656339759856429e+00
1.257093860555011711e+00
4.886573744927034113e+00
7.908892629952930520e+00
3.730373327524743043e-01
6.935790619409767821e+00
5.362256096663076121e+00
8.886201913655305873e+00
7.989553486218754941e+00
5.197451610068918981e+00
9.677193606228916778e+00
5.386692586069574240e+00
1.013254557045463855e+01
8.633425797070062302e+00
4.975169215707437864e+00
3.572412570216429550e+00
9.261984846588090292e+00
6.455180703286766963e+00
9.218209312057329186e+00
5.957246399093233613e+00
7.123091704540918556e+00
1.014382847782641228e+01
6.079717218578173821e+00
5.527509253191740690e+00
3.314208565965110154e+00
9.472173668685558212e+00
9.018539512126084290e+00
3.066580306795238631e+00
1.006598100234339732e+01
6.277914057618876775e+00
1.872995316073915895e+00
5.758738064535489087e+00
1.013273326852073986e+01
6.350325569093821620e+00
7.207574436493695558e+00
8.793146167305792460e+00
8.934673275893869615e+00
6.506965234367227957e+00
8.016560601635010386e+00
6.993730139838570281e+00
8.500338478837513589e-01
5.645979389910688262e+00
1.116331287532759653e+01
9.899969102616793748e+00
3.723696822185207811e+00
4.302854095190216555e+00
6.858820486502953173e+00
8.295206036097132696e+00
7.084578522079152840e+00
8.013029673571556710e-01
9.857750957271765202e+00
5.616514192807223083e+00
1.062011435667554515e+01
8.998896504521951556e+00
7.300281580221434918e-01
7.737294205840725247e+00
3.936131484013964954e+00
2.749795358514534049e-01
5.089249168321757111e+00
7.079396731006981192e+00
4.440122548677591929e+00
6.752845788815439398e+00
9.701751727288755234e+00
6.628343581637290427e+00
9.289852234575500134e+00
9.558413485986424263e+00
9.410957271308971528e+00
1.801163293574044699e+00
7.781840353776950714e+00
1.397354625565143671e+00
5.351871575609592036e+00
5.496935805373150075e+00
3.028595485253480657e+00
1.063625998849467003e+01
6.548853881333275950e+00
6.882789611224508164e+00
7.238711406570200957e+00
4.432701708118098161e+00
6.021044738629018234e+00
7.377408044407761878e+00
7.679951238027103777e+00
7.383362360152681880e+00
1.031929010854954853e+01
5.988615528897959450e+00
1.750174160540265866e+00
1.110323523641453924e+01
2.726575786990661499e+00
9.491648610838764100e+00
5.511998091815694778e+00
7.322974194013962546e+00
8.775782573809484788e+00
1.018058203268161321e+01
9.358421321703493945e+00
3.450111399779724142e+00
5.331446148168940802e+00
3.351741837290934445e+00
1.137876797946765173e+01
1.031184769362938169e+01
8.120100034187917259e+00
8.184286126763730351e+00
7.267153812337785013e+00
5.748764299801145672e-01
8.358706515647741142e+00
8.818306939013892176e+00
9.545357683533625348e+00
8.811363261994152651e+00
2.682601026640983655e+00
9.559150584136968831e+00
5.388194109399048415e+00
1.200568720992916116e+00
4.206080393147605179e+00
9.301313492325196108e+00
1.072540472098937769e+01
6.032502148465057168e+00
4.643560466453707569e+00
9.407304767747545426e+00
6.740620662026177712e+00
2.886037311745505818e+00
8.843383755477905339e+00
9.494613677278337605e+00
9.179275528943243501e+00
8.310548696584524109e+00
8.680426581078823034e+00
3.902250468583110532e+00
3.957670609105969461e+00
9.007938447026832662e+00
8.997583416836837600e+00
8.271427130014059159e+00
1.640087543710982088e+00
9.251502106690379534e+00
9.528722813677218184e+00
5.689694380652893457e+00
8.073933683846636455e+00
1.972150339239268968e+00
9.928374265537419419e+00
9.332737007621668468e+00
9.080755255489933120e+00
8.810828226363216942e+00
8.969345082841062577e+00
8.377193475341940143e+00
6.041799195097684816e+00
8.845184327750951425e+00
8.052298538416234663e+00
1.109145256423746773e+01
7.472962342237432054e+00
9.544324892891406620e+00
9.672682712327851817e+00
9.153018933994280459e+00
7.292602565843404605e+00
9.218075726463137443e+00
1.013960367414565411e+01
9.870351738107375539e+00
7.105799661202230055e+00
9.466183731169758531e+00
9.021636026100029682e+00
1.156453130581963684e+01
2.925911019177970918e+00
6.294344848572093198e+00
5.899768809502456968e+00
5.762740119498172220e+00
8.522068016665292234e+00
9.663278485961663833e+00
2.038732101606017366e+00
9.261964831573910928e+00
9.413323403347508389e+00
9.312569632176369794e+00
1.189760881705589490e+01
8.653664623717526538e+00
7.924392678518526800e+00
9.694782266543844784e+00
9.897566877017016651e+00
9.634053240758017722e+00
9.609336858644756063e+00
7.206003706426843181e+00
1.030816072277517481e+00
8.373702110712489599e+00
9.140092864068206424e+00
9.479023888925011576e+00
9.734189976817351209e+00
5.221147551170296275e+00
9.330478650655129158e+00
1.067252261227545063e+01
9.934661893432501500e+00
3.090719182474662929e+00
9.075134261644103972e+00
5.340702052666777000e+00
1.019464210226229106e+01
1.031116959609262729e+01
1.069139289309840812e+01
1.046699517388795897e+01
8.754243747382716379e+00
1.014072131265583110e+01
7.540581250772452115e+00
5.117425524212107391e+00
4.237604132912663246e+00
9.702354394065352494e+00
8.940847432525528049e+00
4.452867934677507300e+00
9.319724100153957025e+00
3.955697278129747030e+00
8.720824227291714692e+00
1.179332163414933632e+01
1.077303506996848448e+01
6.392409871230404050e+00
5.970002174411390250e+00
4.476639706171755329e+00
4.872490950106796781e+00
4.276179297969237680e+00
5.875616001211765749e+00
7.763035294926929453e+00
7.707788513518040396e+00
6.346013127031001844e+00
1.670957151549140374e+00
7.632270790305496710e+00
5.506096822830934379e+00
9.093135874533789575e+00
1.192786886504406318e+01
7.588807180913218708e+00
4.923262359270341726e-01
4.893033517070540128e+00
8.990753158961577896e+00
5.267854655592366875e+00
6.650549440714094374e+00
3.346495998469967148e-02
6.281195008709377081e-01
6.392910024885030573e+00
4.226251602868138058e+00
1.019333641750954378e+01
5.759119052244047410e+00
6.023252515418244357e+00
7.506938073229731501e+00
6.216792504820610077e+00
6.228054027790508762e+00
3.670153627439290966e-01
1.146871570168082499e+00
5.827210486360026920e+00
7.386351121123640340e+00
9.925510411031778446e+00
9.319160483766443903e+00
7.518908088634471909e+00
4.233809945113830686e+00
4.629105114173032831e+00
6.519300397944434167e+00
8.849720041727705322e+00
9.794693980165503078e+00
7.085777283049577768e+00
4.541860527811444115e+00
8.512344430345068602e+00
8.081731200363728718e-02
8.832050354790895952e+00
1.507756286227083686e+00
3.807453168899085139e+00
9.515009630116775252e-01
6.560224013953215305e+00
4.671300421691128690e+00
6.625598478712076300e+00
4.994180175385439568e+00
7.157966181962386543e+00
3.895033421621443281e+00
7.306185806131774818e+00
5.172050501739783535e+00
3.584569445084973882e+00
5.787317747987591687e+00
4.373762190488435841e+00
1.643617128669701666e+00
7.627164831616432217e+00
5.915571295106797578e+00
8.921468861123637240e+00
1.210559748037285566e+01
7.496152391707402884e+00
2.045159876600661786e+00
9.533839274307934986e+00
8.070830324231039299e+00
8.712029393426103496e+00
3.473423501998365026e+00
8.989924391693644878e+00
6.046362443266644071e+00
6.428504902177738067e+00
8.582147532287645930e+00
5.059598921274632843e+00
6.729957578419389463e+00
1.162462668961270484e-01
9.713796703618839956e+00
7.343201052577308374e-01
2.760585990690876290e+00
7.040834447922292405e+00
6.393333490443831479e+00
5.482100388205997099e+00
7.218057659727289632e+00
1.062103555787655473e+01
8.840744013066190732e+00
2.073615908313038769e+00
4.305901996995550318e-01
7.807830754544993646e+00
5.354264308181901910e+00
3.397553693654944418e+00
7.397081338165993003e+00
8.137033545193240514e+00
8.665854541267538735e+00
6.353681563311372571e+00
8.286977716851087195e+00
7.785398060507130680e+00
6.594466037497248578e-04
4.651915551137514981e+00
4.292589156842313791e+00
5.490350809119848297e-01
9.887107888540906941e+00
8.190311393612324409e+00
5.570707794046388273e+00
6.124221282112695341e+00
3.094399667856301495e+00
4.682041223965838661e+00
1.049690734240274370e+00
5.852784533936779887e+00
5.303630463472989831e+00
2.251611257341277206e+00
8.281745809830486138e+00
5.029802317072663342e+00
1.018907585857106834e+00
6.294856496443896887e+00
7.601885343308669718e+00
3.365484706581969743e+00
9.905349676901121114e+00
9.327770282796109313e+00
9.146193527155132230e+00
8.322928420820691287e+00
8.619021417703519816e+00
2.517401630196439033e+00
9.915756197047709719e+00
8.555197945831971573e-01
1.192518332693234040e+00
1.204288557713778074e+00
3.760163747584456040e+00
3.139771884947748948e+00
2.781397879340326895e+00
1.979291406080984306e+00
4.711380489904817281e+00
1.076323509766138997e+00
2.976797664884040184e+00
1.344113784447498183e+00
1.077870376379799655e+00
6.907413076613084790e+00
1.012379218748435727e+00
6.031523205151585465e+00
5.062473340270849498e+00
6.708047884301831409e+00
1.205117993316148528e+01
1.643780954001291539e-01
7.892578138841447988e+00
2.268639144630110405e+00
5.840703980679077922e+00
5.444791871650559223e+00
9.697649850685090556e+00
6.045818971445613421e-01
2.846460344052796909e+00
5.807368294707266898e+00
1.522469291106641975e+00
2.583933377411304910e-01
2.898211014515283956e+00
2.013995694237146861e+00
4.843768619431324751e+00
8.706940739472800672e+00
2.680468309622440870e+00
6.130118318763336127e+00
8.748405557261429877e+00
2.085249526407719767e+00
3.409538107445293509e-01
7.413946083069276938e+00
7.967452097644754261e+00
6.705891143266400789e+00
1.548856369246282449e+00
8.200620719612295773e+00
2.367331033673117702e+00
1.997483349445280831e+00
9.416587785283040191e+00
6.578129665083087829e-03
8.150348709352277510e+00
3.768319603380027250e+00
5.203876470810739008e+00
3.714835212256280883e+00
8.085897418127698799e+00
6.573551679759294331e+00
8.411430452300461269e+00
2.369627025076683768e+00
5.501401956363583423e+00
6.077829959377456959e+00
8.758662184102602666e+00
5.196403090534926328e+00
7.213049858592728292e+00
1.977510966570608986e+00
7.756614138787663926e+00
3.479738979401698629e+00
3.471032186979637224e+00
4.852766031767767885e+00
2.708392665620453776e-01
6.765577775555851048e+00
4.025216919968411800e-01
7.897475692899535105e+00
9.682865997240448053e+00
7.657556113305834522e+00
6.081079985677201982e+00
5.556422239419419595e-01
2.411549509958559767e+00
8.097173822676207777e+00
4.431409865266516590e+00
5.181265266868520847e+00
8.527902699724863922e+00
9.010867081464166262e+00
5.904151973504472295e+00
9.663055382876990507e+00
8.225265552057503982e+00
7.223576100735874306e+00
5.795653374395971724e+00
7.310281807763725048e+00
6.106360443245550940e+00
4.723299492433869595e+00
2.606392646736014562e+00
9.326351008845070734e-01
5.050740227783693470e+00
8.393767400444891891e+00
7.765790954591960116e+00
2.430133847858656271e+00
4.956160518732144027e+00
4.013182050579644056e+00
3.667737559225121124e+00
6.980162623659738941e+00
6.406676331875872599e+00
9.269875618189239219e+00
1.020506863991090007e+01
4.814159001390089010e+00
6.385559070182401875e+00
5.655205721758011173e+00
4.306842843961203648e+00
5.181935719946741514e+00
4.923213099310952856e+00
6.717051025503147699e+00
8.092932758714228569e+00
2.774270496494973148e+00
5.606062435939533906e+00
7.913072693359897158e+00
9.755377792964415207e+00
9.303058644990096937e+00
4.580605557679064965e+00
9.028715986736384203e-01
9.061999335731899308e+00
1.563320744464722800e+00
9.853721854222119436e-01
2.967477801321410702e+00
4.847904715418309252e+00
6.577253885134556555e+00
7.279282637327043837e+00
1.934565570468947060e+00
8.136579557801384865e+00
4.501095756394562386e+00
3.329285227962293536e+00
6.678612198123976107e+00
5.722752572262008286e+00
7.264533039509708523e+00
1.782760137530914779e+00
2.877503428051964462e+00
7.947618952435210993e+00
8.114334201660845736e+00
5.718689956457880363e+00
9.414140724300803953e+00
6.554355651774880442e+00
2.808049690848738233e+00
6.962397491188755616e+00
3.741311513903680996e+00
1.469061666888509254e+00
6.656286272985921570e+00
1.917435419416127829e+00
2.171969755892176224e+00
1.917110519045687189e+00
7.519141636967442643e+00
6.990565309597003285e+00
6.288527568143139845e+00
4.949595988598969321e+00
2.013508827071613272e+00
5.748434543761561599e+00
9.633162456016325592e+00
8.787923848145572592e+00
1.753721145033807050e+00
1.757270780080072647e+00
6.601996948577151691e+00
3.271114807416571235e+00
2.393674144788723979e+00
3.661775088155454050e+00
1.982550676468089801e+00
8.472045054449722556e+00
7.144074933091887125e+00
3.839157615951408253e+00
8.560847328974899639e+00
2.114054184891151156e+00
3.859303922493520833e+00
5.976836834990527869e+00
3.826305457014639089e+00
5.240665512233446677e+00
6.543698248187659772e+00
9.971522322517845538e+00
8.172666535934490994e+00
1.045216279881568155e+01
5.093725708096099147e+00
5.006260945383556482e+00
2.822797331468593018e+00
7.871260398146150417e-01
1.013192950929487779e+01
5.099328540658353504e+00
3.478679603343642679e+00
9.936991735667847436e+00
4.153747067064448295e+00
2.508642452355177799e+00
6.251427701894558986e+00
8.074060539660612434e+00
3.889335665916074269e+00
6.485443206689973650e+00
1.007702828556355001e+01
3.043443377606974476e+00
3.682584824553142955e+00
1.196131900489228350e+01
1.126790236010241664e+01
9.959041582105227164e+00
3.065438273536788660e+00
3.494076268544481056e+00
2.478777229849638442e+00
8.846554736051464474e+00
2.367239027449900224e+00
1.029929250947247965e+01
8.623010700734997869e+00
9.562023152619731903e+00
8.971237185896331567e+00
9.753050840420595335e+00
6.722172286890224946e+00
8.841598498201609146e+00
7.254313472262039930e+00
6.068936902426673718e+00
6.471285345050884708e+00
1.042224220920848055e+01
4.290656595042900534e+00
2.067605136503718022e+00
6.839909580550137314e+00
6.032681535721953203e+00
7.356751905785879231e+00
3.019750667939516742e+00
1.310433098394526219e+01
1.114938859942345761e+00
5.890235943316940670e+00
3.732745613009137209e+00
7.913832618285104203e+00
4.688426096510825758e+00
7.604331004219315737e+00
9.886289620063946515e+00
3.706890192799273009e+00
2.204347870473529980e+00
6.022824223726837012e+00
5.498624769396606382e+00
3.669305373326918307e+00
6.831207374632088047e+00
6.349171716233167118e+00
2.075473044367304620e+00
7.956645948080720565e+00
8.218174025290648999e+00
9.012352928302508559e+00
2.338117162439270480e+00
1.124948119118997525e+01
1.278362756352358964e+01
2.461020079597800336e+00
5.952671075426784419e+00
8.385614419209387549e+00
5.527225420517319243e+00
7.736783053099292928e+00
2.237864524047177284e+00
6.696322409278616661e+00
4.300399768382373367e+00
6.373350197831373798e+00
9.183964772084125983e+00
5.793631166987514902e+00
1.003123084670179921e+01
8.044103628610997703e+00
3.928935779840565967e+00
3.649621738369518198e+00
1.622381707462862366e+00
5.582919155658710331e+00
7.191991309568392055e+00
3.625831665053808717e+00
8.997558621639837995e+00
7.172562202016816713e+00
5.904726073600219394e+00
5.482023193895123825e+00
5.100785262712085100e+00
1.986529380328679206e+00
6.920152752069474111e+00
1.837588798380366484e+00
5.031439244182454473e+00
9.965902306685318734e+00
7.020122024551533002e+00
6.486994337978459590e+00
3.278425214318239522e+00
2.855487796736038586e+00
7.321737824698202779e+00
1.394662004131828947e+00
8.614671756522700008e+00
6.313814163391596956e+00
1.377233449286880518e+00
5.638156933178319008e+00
7.697126422969667203e+00
2.611533662050224969e+00
6.523619644793236638e+00
8.427182262073319663e+00
8.468756658032059903e+00
8.194852858349396030e+00
6.939901449305419412e+00
8.917790343111544615e+00
8.424443241825411377e+00
7.348976248192268024e+00
9.791790057759259369e+00
8.317680349392295724e+00
7.905649668752566583e+00
7.098502211006869622e+00
3.021904981219490693e+00
7.964964956743124880e+00
7.405231598431756268e+00
9.364779433378839002e+00
9.917099962021413972e+00
5.646234982178953032e+00
6.917399473362658924e+00
8.878464726229587711e+00
5.651598478361530731e+00
5.706363674649035822e+00
6.970219599931493981e+00
7.893533649542637143e+00
6.426268996009707024e+00
6.267366463720867031e+00
3.323080973185067677e+00
1.012577243931422544e+01
5.857415163732071051e+00
9.257813613760673022e+00
1.009986679765568773e+01
2.147134269558842457e-01
2.409482969763094840e+00
8.963896747631373785e+00
9.456339813365028490e+00
4.607381771178453711e+00
4.666208759697322073e+00
6.245960260602863912e+00
8.697336162489953892e+00
3.537617522930093905e+00
9.282312389755212223e+00
8.990183817113656772e+00
8.970215852222660047e+00
1.001609137069706534e+01
8.204021465318612982e+00
5.626594062899229698e+00
8.807571471020702703e+00
3.644233630331963791e+00
9.280300148984093056e+00
6.226193388970378884e+00
1.025868694036580386e+01
6.394138406620559323e+00
4.597995742657952079e+00
8.417068468652542990e+00
7.854031504220397863e+00
9.303067302557884943e+00
9.130323403014367400e+00
8.619921675212955492e+00
3.402586476328630649e+00
7.115692128011430029e+00
8.855850284161796537e+00
1.070850665548391589e+01
7.078388269041471226e+00
8.726196328226176746e+00
7.443828081208738290e+00
1.401172607914350277e+00
8.492746290671266962e+00
8.222255726897385486e+00
9.231098383960218978e-01
8.132663698120541795e+00
9.767427470375357856e+00
7.986198882976513147e+00
1.566697557879156433e+00
4.819961019049915585e+00
3.514705498936596673e+00
6.877732782386441812e+00
1.244096209067137693e+00
9.000858225446672023e+00
4.796710460274051790e+00
9.373254859334602784e+00
9.903942121516799091e+00
8.616376899957666424e+00
8.706084352116310043e+00
7.161316903158733815e+00
5.452109375515205691e+00
6.209215056559610701e+00
6.475050892103152655e+00
5.850874882133379806e+00
4.962107209294007504e+00
7.084264762276245797e+00
7.405434576383191470e+00
1.013125999254240028e+01
5.622093197849741486e+00
1.014189245390585548e+01
7.830381474402188680e+00
7.974086784766869940e+00
4.102309182376021823e+00
5.449444845278277327e+00
4.279485241082372049e+00
6.525185588143658677e+00
1.930388902103412407e+00
8.165566454466631541e+00
6.861476466692904452e+00
9.192463885093175691e+00
8.671560332926068426e+00
1.092157866830579360e+00
5.125662751113505777e+00
1.017659857878314078e+01
8.623233816638078864e+00
3.626266723787955115e+00
8.039192107745918747e+00
9.030076973652612082e+00
8.371719373099596240e+00
6.944388429092847481e+00
9.011831313082275585e+00
7.060090950924953646e+00
9.554294623964240785e+00
9.649973900500423696e+00
7.909752872270069624e+00
1.016096025182211093e+01
8.255928911531539072e+00
8.812980771412332714e+00
9.010017333425748731e+00
9.957535723975716735e+00
9.662598600274639793e+00
8.813862842257563557e+00
1.009748173024519424e+01
7.971768402885016869e+00
8.669418348422277987e+00
8.479026805764252828e+00
6.938720737742402278e+00
8.707951573165635395e+00
9.040080131777649797e+00
1.524794075994456044e+00
5.039039721564506635e+00
9.439745930125591045e+00
6.250541971967740196e-01
8.691000037010855550e+00
1.075414187634899577e+01
9.153611137156328681e+00
9.267868062880623370e+00
7.138673774437856778e+00
4.943938016599778162e-01
8.306688336213806423e+00
8.264933593486249563e+00
4.203220370380948978e+00
8.235390594286583266e+00
7.854769745591366537e+00
8.946424542228479382e+00
8.060855882540124639e+00
9.691048625534483207e+00
9.075646334968681117e+00
8.525462167955270232e+00
9.953439709869163821e+00
8.983551060258413656e+00
6.544441222026865290e+00
1.015879542220143250e+01
5.087546265089875064e+00
9.801582367849988486e+00
9.659160568144532277e+00
7.461762393655952508e+00
1.107800867939617362e+01
8.312966320100882101e+00
4.606679913694313733e+00
2.372629865813579819e+00
9.920267133410041183e+00
8.674470912919055365e+00
8.197771039945347837e+00
1.054268260717227257e+01
9.501352393006488484e+00
6.453104998968207440e+00
8.914168380553865845e+00
9.359262467944343911e+00
8.954005222111796058e+00
1.043434620300415183e+01
9.692216692078096107e-01
2.926178505383144834e+00
1.156951134901906109e+01
7.230802093433633004e+00
7.069371655106788666e+00
6.510873791661292209e+00
9.122082692994780473e+00
8.563762748096360511e+00
8.431979203027221814e+00
5.950445249295487571e+00
9.258990318710864642e+00
9.330720984570850973e+00
9.232956845684739733e+00
9.021070493882705321e+00
8.080568604614208894e-01
9.608009298323256786e+00
7.878763251599064432e+00
9.666973947958460656e+00
8.840832698346238416e+00
5.714707354868333589e+00
1.070904633370307302e+01
9.360297216976679380e+00
6.018034997420242505e+00
8.781552355813040833e+00
6.767775486366201854e+00
8.859249057340809586e+00
9.045349129552320733e+00
9.720749737861820172e-01
9.457941978489493806e+00
9.169879928904469679e+00
2.235193672940559040e+00
3.405815053604698051e+00
1.069085601227125970e+01
9.629976265530965307e+00
1.013214977703585618e+01
8.507746783019914716e+00
7.181206141621565564e+00
1.104810045417745812e+01
9.328966085549192044e+00
9.734684041508112173e+00
3.161494306790822773e+00
8.584404075011612179e+00
5.496935419702261072e+00
9.825246928449384853e+00
8.158501640552422884e+00
2.088673192872675610e+00
3.537006109232245787e+00
9.782220847058480828e+00
6.089804190019799002e+00
9.083789808807761545e+00
4.704466317444829571e+00
7.189098413188467873e+00
8.322980901371776596e+00
9.752895434405219888e+00
8.742332996981347915e-01
7.838179615357096175e+00
6.828865093215773285e+00
6.433468300874023882e+00
5.393466782798597592e+00
6.551517493291731498e+00
4.666052864924144394e+00
7.579636481543298387e+00
8.282677641903676502e+00
1.118810657458056390e+01
1.124152853843262179e+01
7.247197232617642371e+00
8.940892159035607634e+00
1.048566727056945602e+01
8.889923177816166699e+00
5.247393445883417051e-01
1.010520656748032842e+01
8.171651824582056634e+00
5.181778817067548282e+00
8.420332893202891356e+00
4.626512931672543516e+00
8.208086106555985140e+00
4.272901964392192831e+00
8.888013864806614706e+00
9.923297870436030621e+00
4.655272541848315626e+00
1.026798533681354542e+01
8.125555992929017535e+00
9.660455721293416786e+00
5.656292940767226440e+00
8.916631683189505608e+00
9.373802243119280675e+00
7.392222447913415984e+00
5.539594601263159390e+00
6.854843135386965436e+00
8.103329624363379224e+00
8.740276384093144557e+00
6.668103679314597798e+00
7.361070684136274522e+00
8.268717739647918563e+00
5.188923285472765379e+00
8.888174093035626555e+00
1.018264769522077628e+01
1.063068765959408246e+01
7.832578718412948504e+00
9.297242177344269720e+00
3.429391989487872827e+00
7.609108999159361453e+00
9.378592502340524106e+00
6.516991564492995437e+00
5.283111568685484372e+00
8.880712476469540206e+00
1.014625264975108188e+01
7.695972533452064113e+00
9.178134951739464142e+00
9.345206163842199487e+00
9.625158345840910457e+00
1.040210726787108797e+01
6.344521523939442353e+00
9.928525031104836529e+00
8.589560572770938762e+00
6.422302280265376417e+00
1.188237575981947813e+01
6.342676692143196071e+00
4.705538652353493667e+00
1.062542246536530222e+01
7.709327772980691051e+00
3.849548062446594976e-02
8.482596429984859299e+00
8.763015795580560763e+00
8.998128990222753032e+00
8.573003802580380750e+00
8.490198146209626984e+00
8.867929332778984985e+00
7.463300277216329270e+00
9.244811036393203452e+00
6.610552829047716017e+00
8.326497131855267853e+00
3.582316875085099550e+00
7.835330940207405170e+00
7.414962795644834515e+00
6.660049983743800084e+00
6.467746343045911672e+00
9.536010820214471551e+00
8.684815346899114274e+00
8.539275171885305937e+00
8.296960852395695696e+00
9.415214579659373584e+00
6.585501165642472898e+00
1.005073463986919613e+01
1.025741949515328244e+01
6.588607752592439581e+00
2.276475446989193685e+00
6.501258842089328915e+00
7.366203354725695540e+00
1.015429598531311939e+01
8.980208404877757289e+00
7.365311615273800960e+00
7.296213256352998222e+00
8.119910307385707071e+00
7.659172557779367452e+00
8.643610063963226509e+00
9.112763428697777002e+00
4.688614862212407530e+00
8.545786884702433639e+00
9.023027395051801847e+00
7.884503863823382197e+00
9.418861468687998340e+00
8.719641717388871172e+00
6.709000174854251597e+00
9.080874451171114359e+00
1.173883051950785728e+01
8.596015959899963477e+00
9.546555548356726817e+00
9.388922758610705799e+00
1.360844992790795960e+00
6.829235993800844895e+00
8.718109223380791306e+00
7.055150068303243316e+00
9.013118783902564601e+00
7.483898487184932335e+00
4.294387403225420563e+00
6.020556449394786291e+00
8.948460396753494805e+00
3.104497879894213330e+00
4.257509657622667198e+00
3.678603662496226168e+00
4.894186007141589911e+00
9.247856095754510619e+00
8.676119811389066072e+00
9.136592000479211606e+00
9.066992778351073312e+00
8.005479797168540301e+00
1.110124303088878506e+01
7.398641143785807728e+00
9.723698655828949100e+00
9.899377836523839846e+00
5.324861632067878325e+00
7.349869697905595523e+00
9.050488460292147153e+00
5.874862670331764569e+00
2.994590006318418318e+00
8.631735870560335755e+00
7.023492837739825134e+00
3.468210962469495229e+00
1.044921874290693609e+01
1.037506479680475557e+01
7.936657009748787850e+00
7.339149997156882321e+00
1.101564593281588245e+01
6.885380676356386509e+00
9.416151106874783849e+00
9.533359437931817837e+00
7.996902448226646420e+00
9.157657681842671593e+00
4.678865858033692149e+00
9.033889769878753029e+00
9.500949910254904651e+00
8.339139015013605771e+00
7.910711380113654378e+00
6.189630121983133115e+00
9.343387684373794855e+00
1.179665260319644249e+00
