4000
4000
4000
4000
4000
4000
4000
4000
4000
4000
4000
4000
4000
4000
4000
4000
4000
4000
4000
4000
4000
4000
4000
4000
4000
4000
4000
4000
4000
4000
4000
4000
4000
4000
4000
4000
4000
4000
4000
4000
4000
4000
4000
4000
4000
4000
4000
4000
4000
4000
4000
4000
4000
4000
4000
4000
4000
4000
4000
4000
4000
4000
4000
4000
4000
4000
4000
4000
4000
4000
1
4000
4000
4000
4000
4000
4000
4000
4000
4000
4000
4000
4000
4000
4000
4000
4000
4000
4000
4000
4000
4000
4000
4000
4000
4000
4000
4000
4000
1776
4000
4000
4000
4000
4000
4000
4000
4000
4000
4000
4000
4000
4000
4000
4000
4000
4000
4000
4000
4000
4000
4000
4000
4000
4000
4000
4000
4000
4000
4000
4000
4000
4000
4000
4000
4000
4000
4000
4000
4000
4000
4000
4000
4000
4000
4000
4000
4000
4000
4000
4000
4000
4000
4000
4000
4000
4000
4000
4000
4000
4000
4000
4000
4000
4000
4000
4000
4000
4000
4000
4000
4000
4000
4000
4000
4000
4000
4000
4000
4000
4000
4000
4000
4000
4000
4000
4000
4000
4000
4000
4000
4000
4000
4000
4000
4000
4000
4000
4000
4000
4000
4000
4000
4000
4000
294
4000
1704
4000
4000
4000
4000
4000
4000
4000
4000
3526
4000
4000
4000
4000
4000
4000
4000
4000
4000
4000
4000
4000
4000
4000
4000
4000
4000
4000
4000
4000
4000
4000
4000
4000
4000
80
4000
4000
4000
4000
4000
4000
4000
4000
1048
4000
4000
4000
4000
4000
4000
4000
1
4000
4000
4000
4000
4000
4000
4000
4000
4000
4000
218
1
4000
4000
4000
4000
4000
4000
4000
4000
4000
4000
4000
4000
4000
4000
4000
4000
4000
4000
4000
4000
4000
4000
4000
4000
4000
4000
4000
4000
4000
4000
4000
4000
4000
4000
4000
4000
4000
4000
4000
4000
1
4000
4000
4000
4000
4000
4000
4000
4000
4000
1
1
4000
4000
4000
4000
4000
4000
4000
4000
4000
4000
4000
4000
1
4000
4000
4000
4000
4000
4000
4000
4000
4000
4000
4000
4000
4000
4000
4000
4000
4000
4000
4000
4000
4000
4000
4000
26
4000
4000
4000
4000
40
24
4000
44
4000
4000
4000
4000
4000
4000
4000
4000
4000
4000
4000
132
4000
4000
4000
4000
4000
1032
4000
1
4000
4000
4000
4000
4000
4000
4000
4000
4000
4000
4000
4000
4000
46
4000
4000
4000
4000
4000
4000
4000
4000
4000
4000
4000
1
4000
4000
4000
4000
4000
4000
4000
4000
4000
4000
4000
4000
4000
4000
4000
4000
4000
4000
4000
4000
4000
4000
4000
1
1
4000
4000
4000
4000
4000
4000
4000
4000
1
4000
914
4000
4000
4000
4000
4000
4000
4000
4000
4000
1
1
4000
4000
4000
1040
4000
4000
50
4000
4000
4000
4000
4000
4000
4000
4000
4000
4000
4000
4000
4000
4000
1
4000
1
4000
4000
4000
4000
4000
4000
4000
4000
4000
4000
4000
4000
4000
4000
4000
4000
4000
1
4000
4000
4000
1
4000
1
4000
4000
4000
4000
4000
4000
4000
4000
4000
4000
4000
4000
4000
4000
4000
4000
1
4000
4000
4000
1
4000
4000
4000
4000
4000
4000
4000
3734
4000
4000
4000
1
4000
4000
4000
4000
4000
4000
4000
4000
4000
4000
4000
4000
4000
4000
4000
4000
4000
4000
4000
508
4000
4000
4000
4000
4000
4000
4000
4000
4000
4000
4000
2118
4000
4000
4000
4000
4000
4000
4000
4000
4000
4000
4000
4000
4000
4000
4000
4000
4000
4000
4000
4000
4000
4000
4000
4000
3838
4000
4000
4000
4000
4000
4000
4000
4000
4000
4000
4000
4000
4000
4000
4000
4000
4000
4000
4000
4000
4000
4000
4000
4000
4000
4000
4000
4000
4000
4000
4000
4000
4000
4000
4000
4000
4000
4000
4000
90
4000
4000
4000
4000
4000
4000
4000
4000
4000
4000
4000
4000
4000
4000
4000
4000
4000
4000
4000
4000
4000
4000
4000
4000
4000
4000
4000
4000
4000
4000
1
4000
4000
4000
4000
4000
4000
4000
4000
4000
4000
4000
4000
4000
4000
4000
4000
4000
4000
4000
4000
4000
4000
4000
4000
4000
4000
4000
4000
4000
4000
4000
4000
4000
4000
4000
4000
4000
4000
4000
4000
4000
4000
4000
4000
4000
4000
1
4000
4000
4000
4000
4000
4000
4000
4000
4000
4000
616
4000
102
2658
4000
4000
4000
4000
4000
4000
4000
4000
4000
4000
4000
4000
4000
4000
4000
4000
4000
4000
4000
4000
4000
4000
4000
4000
4000
4000
4000
4000
4000
4000
1
4000
4000
4000
4000
4000
4000
4000
4000
4000
4000
4000
4000
4000
4000
146
4000
4000
4000
4000
4000
4000
4000
4000
4000
4000
4000
4000
4000
4000
4000
4000
4000
4000
4000
4000
4000
4000
134
4000
4000
4000
4000
4000
4000
2626
4000
4000
4000
4000
4000
4000
4000
4000
4000
4000
4000
1
4000
4000
4000
4000
4000
4000
4000
4000
4000
4000
4000
4000
4000
4000
4000
4000
4000
4000
4000
4000
4000
4000
4000
4000
2
4000
4000
4000
4000
4000
4000
4000
4000
72
4000
4000
4000
4000
4000
4000
4000
4000
14
1
4000
4000
4000
4000
4000
4000
4000
4000
4000
4000
4000
4000
4000
4000
4000
1410
4000
4000
4000
4000
4000
4000
4000
4000
162
4000
4000
1
4000
4000
4000
4000
4000
4000
680
4000
4000
4000
1060
4000
4000
4000
4000
4000
4000
4000
4000
4000
4000
4000
4000
4000
4000
4000
4000
4000
4000
4000
4000
4000
4000
158
4000
4000
4000
1
4000
1
4000
4000
4000
4000
4000
4000
272
4000
4000
4000
1
4000
4000
4000
4000
4000
4000
4000
4000
4000
4000
4000
4000
4000
4000
4000
4000
144
4000
4000
4000
4000
4000
2438
4000
4000
4000
4000
4000
4000
4000
4000
4000
612
4000
4000
4000
4000
4000
4000
4000
4000
4000
4000
4000
4000
4000
4000
4000
4000
3632
4000
1
4000
4000
4000
4000
4000
