4005
4007
4007
4005
4004
4016
4005
4013
91
4014
4003
4015
4017
4010
4002
4012
4008
4016
4000
4013
4016
4005
4005
4017
4009
4013
4017
4006
4016
4016
4007
4014
4012
4008
4014
4012
4005
4014
4007
4001
4009
4013
4011
4016
4015
4015
4001
4007
4017
4008
4003
4018
4014
4008
4008
4013
4008
4012
4014
4002
4017
4016
4010
4015
4012
4002
4011
4015
4000
4013
1
4001
4012
4001
4000
4003
4017
4009
4008
4004
4010
4007
4006
4010
4002
4006
4015
4012
714
4014
4017
4015
4010
4009
4008
4007
4010
4008
4005
2
4008
4009
4011
2
4001
4007
4018
4000
4004
4007
4009
4013
4000
4011
4016
4000
4017
4008
4002
4004
4010
4014
4001
4003
4003
4010
4016
4008
4007
4004
4018
4003
4006
4007
4000
4011
4004
4008
4000
4010
4004
4006
4001
4010
4009
4009
4011
4003
4001
4006
4006
4004
4018
4015
4000
4011
4016
4016
4006
4017
4009
4009
4017
4012
4013
4008
4012
4001
4006
4017
4012
4001
4001
4008
4012
4001
4011
4015
4016
4010
4005
4016
4016
4006
4015
4012
4005
4013
4014
4013
4010
4011
4017
4014
4018
4017
4006
4012
4006
4001
4017
4006
4003
4010
4013
6
4006
6
4011
4002
4001
4011
4001
4005
4000
4007
2
4004
4018
4013
4004
4009
4012
4017
4007
4002
4003
4006
4000
4004
4012
4007
4004
4007
4017
4015
4012
4005
835
4000
4015
4018
650
4006
4009
4016
4002
4007
4018
4000
4002
4017
4013
4007
4012
4011
4016
2272
4001
1
4013
4006
4013
4004
4007
4015
4009
4005
4005
4014
2
1
4006
4014
4002
4005
4003
4015
4009
4015
4015
4003
4012
4006
4004
4017
4001
4001
4016
4005
4015
4006
4005
4014
4005
4016
4000
4014
4013
4015
4009
4004
4013
4012
4014
4007
4008
4006
4004
4012
4009
4014
1
4015
4002
4015
4005
4011
4011
4001
4016
4017
1
1
4013
4010
4005
4001
4000
4009
4003
4003
4005
4003
4001
4000
1
4010
4010
4004
4012
4014
4003
4010
4017
4007
4003
4014
4011
4013
4008
4013
4015
4009
4007
4001
4008
4002
4006
4007
516
4000
4000
4006
4004
2
6
4009
4
4005
4002
4001
4001
4013
4002
4007
4012
4014
4003
4007
2
4017
4004
4002
4012
4008
1128
4009
1
4012
4009
4009
4016
4008
4011
4010
4013
4006
4002
4010
4007
4009
2
4001
4005
4002
4014
4017
4015
4011
4008
4015
4008
4015
1
4013
4001
4005
4005
4011
4013
4005
4016
4000
4013
4015
4015
4010
4015
4002
4012
4018
4001
4010
4012
4002
4011
4014
1
1
4017
4010
4001
4002
4002
4017
4011
4011
1
4016
4
4002
4000
4004
4002
4016
4004
4007
4013
1603
1
1
4012
4001
4010
666
4017
4010
11
4016
4013
4003
4009
4006
4017
4017
4010
4012
4001
4008
4009
4017
4002
1
4002
1
4009
4016
4000
4015
4009
4011
4016
4014
4008
4013
4008
4018
4002
4013
4017
4000
4002
1
4015
4005
4013
1
4008
1
4001
4008
4017
4008
4013
4017
4005
4016
4013
4018
4017
4006
4004
4004
4013
4007
1
4018
4000
4003
1
4010
4016
4015
4013
4018
4008
4000
3
4002
4017
4010
1
3642
4011
4015
4000
4010
4000
4003
4003
4011
4001
4008
4004
4005
4018
4014
4012
4012
2455
4011
29
4007
4009
4012
4015
4007
4001
4011
4007
4003
4014
4001
2
4006
4003
4016
4005
4006
4015
4009
4018
4013
4005
4014
4008
4005
4005
4004
4015
4010
4014
4015
4015
4002
4014
4004
4008
6
4014
4003
4009
4003
4010
4017
4008
4002
4018
4012
4006
4006
4014
4013
4000
4009
4005
4003
4006
4008
4004
4007
4015
4008
4014
4004
4011
4007
4013
4000
4012
4012
4014
4001
4013
4003
4007
4
4011
116
4013
4017
4004
4010
4013
4002
4007
4015
4007
4005
4013
4012
4018
4016
4008
4002
4002
4015
4010
4014
4002
4018
4004
4013
4005
4014
4007
4004
4003
4012
1
4003
4006
4016
4002
4001
4018
4004
4009
4014
4001
4004
4006
4010
4011
4014
4001
4007
4014
4006
4005
4009
4012
4003
4012
4011
4000
4011
4007
4016
4018
4011
4004
4004
4012
4000
4016
4016
4011
4000
4005
4003
4001
4002
4000
4000
4000
1
4013
4017
4011
4014
4015
4011
4001
4014
4012
4018
5
4010
2
3839
4004
4016
4012
4014
4017
4016
4018
5
4011
4000
4009
4005
4003
4003
4000
4009
4010
4018
4005
4012
4006
4000
4003
4016
4011
4004
4018
4007
4000
4002
1
4008
4010
4017
4009
4003
4005
4004
4016
4013
4002
4004
4003
4000
4010
4004
4006
4016
4018
4001
4002
4007
4003
4006
4011
4010
4006
4015
4011
4012
3
4011
4000
4013
4017
4004
4013
4012
3
4010
2
4006
4008
4005
4012
2
4011
4016
4017
4004
4007
4009
4005
4003
4017
4018
4008
1
4008
4016
4002
4016
4002
4002
4003
4015
4005
4008
4009
4000
4000
4018
4006
4001
4018
4012
4014
4000
2681
4008
4000
4016
6
4018
4003
4008
4018
4003
4017
4000
4009
369
4008
4013
4011
4007
4017
4005
4015
4001
2
1
4013
4003
4015
4015
4007
4009
4015
4009
4009
4008
4006
4014
4016
4002
4015
2
4001
4016
4003
4017
4014
4011
4007
4016
2307
4018
4004
1
4011
4007
4009
4017
4014
4008
4000
4004
4003
4007
198
4009
4018
4010
4004
790
4010
4011
4007
4006
4001
4017
4000
4001
4002
4010
4006
4013
4004
4018
4018
4013
4002
5
4014
4014
4010
1
1584
1
4004
4008
4004
4007
4011
4001
2
4006
4007
4010
1
4010
4005
4001
4017
4016
4003
4018
4010
4005
4003
4010
4015
4002
4008
4004
4017
10
4003
4002
4016
4009
4012
2
4000
4003
4008
4017
4014
4018
4006
4017
4015
2414
4009
4011
4014
4010
4005
4015
4006
4003
4009
4012
4002
4008
4014
4006
4003
4012
104
4005
1
4014
4000
4007
4006
4001
