3999
3999
3999
3999
3999
3999
3999
3999
921
3999
3999
3999
3999
3999
3999
3999
3999
3999
3999
3999
3999
3999
3999
3999
3999
3999
3999
3999
3999
3999
3999
3999
3999
3999
3999
3999
3999
3999
3999
3999
3999
3999
3999
3999
3999
3999
3999
3999
3999
3999
3999
3999
3999
3999
3999
3999
3999
3999
3999
3999
3999
3999
3999
3999
3999
3999
3999
3999
3999
3999
87
3999
3999
3999
3999
3999
3999
3999
3999
3999
3999
3999
3999
3999
3999
3999
3999
3999
2395
3999
3999
3999
3999
3999
3999
3999
3999
3999
3999
3999
3999
3999
3999
97
3999
3999
3999
3999
3999
3999
3999
3999
3999
3999
3999
3999
3999
3999
3999
3999
3999
3999
3999
3999
3999
3999
3999
3999
3999
3999
3999
3999
3999
3999
3999
3999
3999
3999
3999
3999
3999
3999
3999
3999
3999
3999
3999
3999
3999
3999
3999
3999
3999
3999
3999
3999
3999
3999
3999
3999
3999
3999
3999
3999
3999
3999
3999
3999
3999
3999
3999
3999
3999
3999
3999
3999
3999
3999
3999
3999
3999
3999
3999
3999
3999
3999
3999
3999
3999
3999
3999
3999
3999
3999
3999
3999
3999
3999
3999
3999
3999
3999
3999
691
3999
617
3999
1537
3999
3999
3999
3999
3999
3999
3999
3999
645
3999
3999
3999
3999
3999
3999
3999
3999
3999
3999
3999
3999
3999
3999
3999
3999
3999
3999
3999
3999
3999
3999
3999
3999
3999
1443
3999
3999
3999
3999
3999
3999
3999
3999
3999
3999
3999
3999
3999
3999
3999
3999
151
3999
3999
3999
3999
3999
3999
3999
3999
3999
3999
3999
291
3999
3999
3999
3999
3999
3999
3999
3999
3999
3999
3999
3999
3999
3999
3999
3999
3999
3999
3999
3999
3999
3999
3999
3999
3999
3999
3999
3999
3999
3999
3999
3999
3999
3999
3999
3999
3999
3999
3999
3999
173
3999
3999
537
3999
3999
3999
3999
3999
3999
19
179
3999
3999
3999
3999
3999
3999
3999
3999
3999
3999
3999
3999
3999
3999
3999
3999
3999
3999
3999
3999
3999
3999
3999
3999
3999
3999
3999
3999
3999
3999
3999
3999
3999
3999
3999
3999
1509
3999
3999
3999
3999
705
425
3999
155
3999
3999
3999
3999
3999
3999
3999
3999
3999
3999
3999
3999
3999
3999
3999
3999
3999
1387
3999
99
3999
3999
3999
3999
3999
3999
3999
3999
2735
3999
3999
3999
3999
115
3999
3999
3999
3999
3999
3999
3999
3999
3999
3999
3999
1457
3999
3999
3999
3999
3999
3999
3999
3999
3999
3999
3999
3999
3999
3999
3999
3999
3999
3999
3999
3999
3999
3999
3999
1095
31
3999
3999
3999
3999
3999
3999
3999
3999
199
3999
131
3999
3999
3999
3999
3999
3999
3999
3999
3999
285
73
3999
3999
3999
2557
3999
3999
435
3999
3999
3999
3999
3999
3999
3999
3999
3999
3999
3999
3999
3999
3999
165
3999
263
3999
3999
3999
3999
3999
3999
3999
3999
3999
3999
3999
3999
3999
3999
3999
3999
3999
11
3999
3999
3999
23
3999
89
3999
3999
3999
3999
3999
3999
3999
3999
3999
3999
3999
3999
3999
3999
3999
3999
109
3999
3999
3999
471
3999
3999
3999
3999
3999
3999
3999
3999
3999
3999
3999
87
3999
3999
3999
3999
3999
3999
3999
3999
3999
3999
3999
3999
3999
3999
3999
3999
3999
821
3999
3999
3999
3999
3999
3999
3999
3999
3999
3999
3999
3999
3999
3999
3999
3999
3999
3999
3999
3999
3999
3999
3999
3999
3999
3999
3999
3999
3999
3999
3999
3999
1201
3999
3999
3999
3999
3999
627
3999
3999
3999
3999
3999
3999
3999
3999
3999
3999
3999
3999
3999
3999
3999
3999
3999
3999
3999
3999
3999
3999
3999
3999
3999
3999
3999
3999
3999
3999
3999
3999
3999
3999
3999
3999
3999
3999
3999
3517
3999
3999
3999
3999
3999
3999
3999
3999
3999
3999
3999
3999
3999
3999
3999
3999
3999
3999
3999
3999
3999
3999
3999
3999
3999
3999
3999
3999
3999
3999
55
3999
3999
3999
3999
3999
3999
3999
3999
3999
3999
3999
3999
3999
3999
3999
3999
3999
3999
3999
3999
3999
3999
3999
3999
3999
3999
3999
3999
3999
3999
3999
3999
3999
3999
3999
3999
3999
3999
3999
3999
3999
3999
3999
3999
3999
3999
129
3999
3999
3999
3999
3999
3999
3999
3999
3999
3999
3999
3999
735
3999
3999
3999
3999
3999
3999
3999
3999
3999
3999
3999
3999
3999
3999
3999
3999
3999
3999
3999
3999
3999
3999
3999
3999
3999
3999
3999
3999
3999
3999
3999
41
3999
3999
3999
3999
3999
3999
3999
3999
3999
3999
3999
3999
3999
3999
2025
3999
3999
3999
3999
3999
3999
3999
3999
3999
3999
3999
3999
3999
3999
3999
3999
3999
3999
3999
3999
3999
3999
859
3999
63
3999
3999
3999
2575
1909
3999
3999
3999
3999
3999
3999
3999
3999
3999
3999
3999
43
3999
3999
3999
3999
3999
3999
3999
3999
3999
3999
3999
3999
3999
3999
3999
3999
3999
3999
3999
3999
3999
3999
3999
3999
925
3999
3999
3999
3999
3999
3999
3999
3999
391
3999
3999
3999
3999
3999
3999
3999
3999
105
195
3999
3999
3999
3999
3999
3999
3999
3999
3999
3999
3999
3999
3999
3999
3999
113
3999
3999
3999
3999
3999
3999
3999
3999
371
3999
3999
149
3999
3999
3999
3999
3999
3999
355
3999
3999
3999
737
3999
3999
3999
3999
3999
3999
3999
3999
3999
3999
3999
3999
3999
3999
3999
3999
3999
3999
3999
3999
3999
3999
151
3999
3999
3999
51
3999
3999
3999
3999
3999
3999
3999
3999
301
3999
3999
3999
63
3999
3999
3999
3999
3999
3999
3999
3999
3999
3999
3999
3999
3999
3999
3999
3999
105
3999
3999
3999
3999
3999
551
3999
3999
3999
3999
3999
3999
3999
3999
3999
503
3999
3999
3999
3999
3999
3999
3999
3999
3999
3999
3999
3999
3999
3999
3999
3999
765
3999
187
3999
3999
3999
3999
3999
